Time[s],CH1[C],CH2[C],CH3[C],CH4[C],CH5[C],CH6[C],CH7[C],CH8[C]
0,12.3,12,12,12,12.2,12,12.3,12.1
10,12.3,12,12,12,12.2,12.1,12.4,12.2
20,12.3,12,12,12.1,12.2,12.2,12.4,12.4
30,12.3,12,12.1,12.2,12.3,12.3,12.5,12.5
40,12.3,12.1,12.1,12.2,12.4,12.4,12.7,12.7
50,12.4,12.1,12.2,12.3,12.5,12.5,12.8,13
60,12.4,12.2,12.3,12.4,12.6,12.7,13,13.2
70,12.4,12.2,12.4,12.5,12.7,12.9,13.2,13.4
80,12.5,12.3,12.5,12.6,12.9,13,13.4,13.6
90,12.6,12.4,12.6,12.8,13,13.2,13.5,13.8
100,12.6,12.5,12.7,12.9,13.1,13.4,13.7,14.1
110,12.7,12.6,12.8,13,13.3,13.6,13.9,14.3
120,12.7,12.6,12.9,13.1,13.4,13.7,14.1,14.5
130,12.8,12.7,13,13.3,13.6,13.9,14.3,14.7
140,12.8,12.8,13.1,13.4,13.7,14.1,14.4,14.9
150,12.9,12.9,13.2,13.5,13.8,14.2,14.6,15.1
160,13,13,13.3,13.6,14,14.4,14.8,15.3
170,13,13.1,13.4,13.8,14.1,14.6,15,15.5
180,13.1,13.1,13.5,13.9,14.3,14.7,15.1,15.7
190,13.1,13.2,13.6,14,14.4,14.9,15.3,15.9
200,13.2,13.3,13.7,14.1,14.5,15,15.5,16
210,13.3,13.4,13.8,14.2,14.6,15.1,15.6,16.2
220,13.3,13.5,13.9,14.3,14.7,15.3,15.7,16.4
230,13.4,13.5,14,14.4,14.9,15.4,15.9,16.5
240,13.4,13.6,14.1,14.5,15,15.5,16,16.7
250,13.5,13.7,14.1,14.6,15.1,15.7,16.1,16.8
260,13.5,13.7,14.2,14.7,15.2,15.8,16.3,17
270,13.6,13.8,14.3,14.8,15.3,15.9,16.4,17.1
280,13.6,13.8,14.4,14.9,15.4,16,16.5,17.2
290,13.7,13.9,14.4,14.9,15.5,16.1,16.6,17.3
300,13.7,14,14.5,15,15.6,16.2,16.7,17.5
310,13.8,14,14.6,15.1,15.7,16.3,16.8,17.6
320,13.8,14.1,14.6,15.2,15.7,16.4,16.9,17.7
330,13.8,14.1,14.7,15.2,15.8,16.5,17,17.8
340,13.9,14.2,14.7,15.3,15.9,16.6,17.1,17.9
350,13.9,14.2,14.8,15.4,16,16.7,17.2,18
360,13.9,14.3,14.9,15.5,16.1,16.7,17.3,18.1
370,14,14.3,14.9,15.5,16.1,16.8,17.4,18.2
380,14,14.3,15,15.6,16.2,16.9,17.5,18.3
390,14.1,14.4,15,15.6,16.3,17,17.6,18.4
400,14.1,14.4,15.1,15.7,16.3,17,17.7,18.4
410,14.1,14.5,15.1,15.7,16.4,17.1,17.7,18.5
420,14.1,14.5,15.1,15.8,16.4,17.2,17.8,18.6
430,14.2,14.5,15.2,15.8,16.5,17.2,17.9,18.7
440,14.2,14.6,15.2,15.9,16.5,17.3,17.9,18.7
450,14.2,14.6,15.3,15.9,16.6,17.3,18,18.8
460,14.2,14.6,15.3,16,16.7,17.4,18.1,18.9
470,14.3,14.7,15.3,16,16.7,17.4,18.1,19
480,14.3,14.7,15.4,16,16.7,17.5,18.2,19
490,14.3,14.7,15.4,16.1,16.8,17.5,18.2,19.1
500,14.3,14.8,15.4,16.1,16.8,17.6,18.3,19.1
510,14.4,14.8,15.5,16.2,16.9,17.6,18.3,19.2
520,14.4,14.8,15.5,16.2,16.9,17.7,18.4,19.2
530,14.4,14.8,15.5,16.2,17,17.7,18.4,19.3
540,14.4,14.8,15.6,16.3,17,17.8,18.5,19.3
550,14.5,14.9,15.6,16.3,17,17.8,18.5,19.4
560,14.5,14.9,15.6,16.3,17.1,17.8,18.5,19.4
570,14.5,14.9,15.6,16.4,17.1,17.9,18.6,19.5
580,14.5,14.9,15.7,16.4,17.1,17.9,18.6,19.5
590,14.5,15,15.7,16.4,17.2,17.9,18.7,19.5
600,14.5,15,15.7,16.4,17.2,18,18.7,19.6
610,14.5,15,15.7,16.5,17.2,18,18.7,19.6
620,14.6,15,15.8,16.5,17.3,18.1,18.8,19.7
630,14.6,15,15.8,16.5,17.3,18.1,18.8,19.7
640,14.6,15.1,15.8,16.5,17.3,18.1,18.9,19.8
650,14.6,15.1,15.8,16.6,17.3,18.1,18.9,19.8
660,14.6,15.1,15.8,16.6,17.4,18.2,18.9,19.8
670,14.6,15.1,15.8,16.6,17.4,18.2,18.9,19.8
680,14.6,15.1,15.9,16.6,17.4,18.2,19,19.9
690,14.6,15.1,15.9,16.6,17.4,18.2,19,19.9
700,14.7,15.2,15.9,16.7,17.5,18.3,19,19.9
710,14.7,15.1,15.9,16.7,17.5,18.3,19,19.9
720,14.7,15.2,15.9,16.7,17.5,18.3,19.1,20
730,14.7,15.2,15.9,16.7,17.5,18.3,19.1,20
740,14.7,15.2,16,16.7,17.5,18.3,19.1,20
750,14.7,15.2,16,16.7,17.6,18.3,19.1,20.1
760,14.7,15.2,16,16.8,17.6,18.4,19.2,20.1
770,14.7,15.2,16,16.8,17.6,18.4,19.2,20.1
780,14.8,15.2,16,16.8,17.6,18.4,19.2,20.1
790,14.8,15.3,16,16.8,17.6,18.4,19.2,20.1
800,14.8,15.3,16,16.8,17.6,18.5,19.3,20.2
810,14.8,15.3,16,16.8,17.6,18.5,19.3,20.2
820,14.8,15.3,16.1,16.8,17.7,18.5,19.3,20.2
830,14.8,15.3,16.1,16.9,17.7,18.5,19.3,20.2
840,14.8,15.3,16.1,16.9,17.7,18.5,19.3,20.2
850,14.8,15.3,16.1,16.9,17.7,18.5,19.3,20.3
860,14.8,15.3,16.1,16.9,17.7,18.6,19.4,20.3
870,14.8,15.3,16.1,16.9,17.7,18.6,19.4,20.3
880,14.8,15.3,16.1,16.9,17.8,18.6,19.4,20.3
890,14.8,15.3,16.1,16.9,17.8,18.6,19.4,20.3
900,14.9,15.4,16.1,16.9,17.8,18.6,19.4,20.3
910,14.9,15.4,16.1,16.9,17.8,18.6,19.4,20.4
920,14.9,15.4,16.1,16.9,17.8,18.6,19.4,20.4
930,14.9,15.4,16.2,17,17.8,18.6,19.5,20.4
940,14.9,15.4,16.2,17,17.8,18.7,19.5,20.4
950,14.9,15.4,16.2,17,17.8,18.7,19.5,20.4
960,14.9,15.4,16.2,17,17.8,18.7,19.5,20.4
970,14.9,15.4,16.2,17,17.9,18.7,19.5,20.4
980,14.9,15.4,16.2,17,17.9,18.7,19.5,20.5
990,14.9,15.4,16.2,17,17.9,18.7,19.5,20.5
1000,14.9,15.4,16.2,17,17.9,18.7,19.5,20.5
1010,14.9,15.4,16.2,17,17.9,18.7,19.6,20.5
1020,14.9,15.4,16.2,17,17.9,18.7,19.6,20.5
1030,14.9,15.4,16.2,17.1,17.9,18.7,19.6,20.5
1040,14.9,15.4,16.2,17,17.9,18.7,19.6,20.5
1050,14.9,15.4,16.2,17.1,17.9,18.8,19.6,20.5
1060,14.9,15.5,16.2,17.1,17.9,18.8,19.6,20.5
1070,14.9,15.4,16.2,17.1,17.9,18.8,19.6,20.5
1080,14.9,15.5,16.3,17.1,17.9,18.8,19.6,20.6
1090,14.9,15.5,16.2,17.1,17.9,18.8,19.6,20.6
1100,15,15.5,16.3,17.1,18,18.8,19.6,20.6
1110,15,15.5,16.3,17.1,17.9,18.8,19.6,20.6
1120,15,15.5,16.3,17.1,18,18.8,19.6,20.6
1130,15,15.5,16.3,17.1,18,18.8,19.7,20.6
1140,15,15.5,16.3,17.1,18,18.8,19.7,20.6
1150,15,15.5,16.3,17.1,18,18.8,19.7,20.6
1160,15,15.5,16.3,17.1,18,18.8,19.7,20.6
1170,15,15.5,16.3,17.1,18,18.8,19.7,20.6
1180,15,15.5,16.3,17.1,18,18.8,19.7,20.6
1190,15,15.5,16.3,17.1,18,18.8,19.7,20.6
1200,15,15.5,16.3,17.1,18,18.8,19.7,20.6
1210,15,15.5,16.3,17.1,18,18.9,19.7,20.7
1220,15,15.5,16.3,17.1,18,18.9,19.7,20.7
1230,15,15.5,16.3,17.2,18,18.9,19.7,20.7
1240,15,15.5,16.3,17.2,18,18.9,19.7,20.7
1250,15,15.5,16.3,17.2,18,18.9,19.7,20.7
1260,15,15.5,16.3,17.2,18,18.9,19.7,20.7
1270,15,15.5,16.3,17.2,18,18.9,19.7,20.7
1280,15,15.5,16.3,17.2,18.1,18.9,19.8,20.7
1290,15,15.5,16.3,17.2,18.1,18.9,19.8,20.7
1300,15,15.5,16.3,17.2,18.1,18.9,19.8,20.7
1310,15,15.5,16.3,17.2,18.1,18.9,19.8,20.7
1320,15,15.5,16.3,17.2,18.1,18.9,19.8,20.7
1330,15,15.6,16.4,17.2,18.1,18.9,19.8,20.7
1340,15,15.5,16.4,17.2,18.1,18.9,19.8,20.7
1350,15,15.5,16.4,17.2,18.1,18.9,19.8,20.7
1360,15,15.5,16.4,17.2,18.1,18.9,19.8,20.7
1370,15,15.6,16.4,17.2,18.1,18.9,19.8,20.7
1380,15,15.6,16.3,17.2,18.1,18.9,19.8,20.7
1390,15,15.6,16.4,17.2,18.1,18.9,19.8,20.8
1400,15,15.6,16.4,17.2,18.1,18.9,19.8,20.8
1410,15,15.6,16.4,17.2,18.1,18.9,19.8,20.8
1420,15,15.6,16.4,17.2,18.1,19,19.8,20.8
1430,15,15.6,16.4,17.2,18.1,19,19.8,20.8
1440,15,15.6,16.4,17.2,18.1,18.9,19.8,20.8
1450,15,15.6,16.4,17.2,18.1,18.9,19.8,20.8
1460,15.1,15.6,16.4,17.2,18.1,19,19.8,20.8
1470,15.1,15.6,16.4,17.2,18.1,19,19.8,20.8
1480,15,15.6,16.4,17.2,18.1,19,19.8,20.8
1490,15,15.6,16.4,17.2,18.1,19,19.8,20.8
1500,15,15.6,16.4,17.2,18.1,19,19.8,20.8
1510,15,15.6,16.4,17.2,18.1,19,19.8,20.8
1520,15.1,15.6,16.4,17.2,18.1,19,19.8,20.8
1530,15.1,15.6,16.4,17.2,18.1,19,19.9,20.8
1540,15.1,15.6,16.4,17.2,18.1,19,19.9,20.8
1550,15.1,15.6,16.4,17.3,18.1,19,19.9,20.8
1560,15.1,15.6,16.4,17.2,18.1,19,19.9,20.8
1570,15.1,15.6,16.4,17.2,18.1,19,19.9,20.8
1580,15.1,15.6,16.4,17.3,18.1,19,19.9,20.8
1590,15.1,15.6,16.4,17.2,18.1,19,19.9,20.8
1600,15.1,15.6,16.4,17.2,18.1,19,19.9,20.8
1610,15.1,15.6,16.4,17.3,18.1,19,19.9,20.8
1620,15.1,15.6,16.4,17.3,18.2,19,19.9,20.8
1630,15.1,15.6,16.4,17.3,18.2,19,19.9,20.8
1640,15.1,15.6,16.4,17.3,18.2,19,19.9,20.8
1650,15.1,15.6,16.4,17.3,18.1,19,19.9,20.8
1660,15.1,15.6,16.4,17.3,18.2,19,19.9,20.8
1670,15.1,15.6,16.4,17.3,18.2,19,19.9,20.8
1680,15.1,15.6,16.4,17.3,18.2,19,19.9,20.8
1690,15.1,15.6,16.4,17.3,18.1,19,19.9,20.8
1700,15.1,15.6,16.4,17.3,18.2,19,19.9,20.8
1710,15.1,15.6,16.4,17.3,18.2,19,19.9,20.8
1720,15.1,15.6,16.4,17.3,18.2,19,19.9,20.8
1730,15.1,15.6,16.4,17.3,18.2,19,19.9,20.8
1740,15.1,15.6,16.4,17.3,18.2,19,19.9,20.8
1750,15.1,15.6,16.4,17.3,18.2,19,19.9,20.9
1760,15.1,15.6,16.4,17.3,18.2,19,19.9,20.9
1770,15.1,15.6,16.4,17.3,18.2,19,19.9,20.9
1780,15.1,15.6,16.4,17.3,18.2,19,19.9,20.9
1790,15.1,15.6,16.4,17.3,18.2,19,19.9,20.9
1800,15.1,15.6,16.4,17.3,18.2,19,19.9,20.9
1810,15.1,15.6,16.4,17.3,18.2,19,19.9,20.9
1820,15.1,15.6,16.4,17.3,18.2,19,19.9,20.9
1830,15.1,15.6,16.4,17.3,18.2,19,19.9,20.9
1840,15.1,15.6,16.4,17.3,18.2,19,19.9,20.9
1850,15.1,15.6,16.4,17.3,18.2,19,19.9,20.9
1860,15.1,15.6,16.4,17.3,18.2,19,19.9,20.9
1870,15.1,15.6,16.4,17.3,18.2,19,19.9,20.9
1880,15.1,15.6,16.4,17.3,18.2,19,19.9,20.9
1890,15.1,15.6,16.4,17.3,18.2,19,19.9,20.9
1900,15.1,15.6,16.4,17.3,18.2,19,19.9,20.9
1910,15.1,15.6,16.4,17.3,18.2,19,19.9,20.9
1920,15.1,15.6,16.4,17.3,18.2,19,19.9,20.9
1930,15.1,15.6,16.4,17.3,18.2,19,19.9,20.9
1940,15.1,15.6,16.4,17.3,18.2,19,19.9,20.9
1950,15.1,15.6,16.4,17.3,18.2,19,19.9,20.9
1960,15.1,15.6,16.4,17.3,18.2,19.1,19.9,20.9
1970,15.1,15.6,16.4,17.3,18.2,19,19.9,20.9
1980,15.1,15.6,16.4,17.3,18.2,19,19.9,20.9
1990,15.1,15.6,16.5,17.3,18.2,19.1,20,20.9
2000,15.1,15.6,16.4,17.3,18.2,19.1,19.9,20.9
2010,15.1,15.6,16.5,17.3,18.2,19.1,20,20.9
2020,15.1,15.6,16.4,17.3,18.2,19,19.9,20.9
2030,15.1,15.6,16.4,17.3,18.2,19,19.9,20.9
2040,15.1,15.6,16.4,17.3,18.2,19.1,20,20.9
2050,15.1,15.6,16.4,17.3,18.2,19.1,20,20.9
2060,15.1,15.6,16.4,17.3,18.2,19,20,20.9
2070,15.1,15.6,16.4,17.3,18.2,19.1,20,20.9
2080,15.1,15.6,16.4,17.3,18.2,19.1,20,20.9
2090,15.1,15.7,16.5,17.3,18.2,19.1,20,20.9
2100,15.1,15.6,16.5,17.3,18.2,19.1,20,20.9
2110,15.1,15.6,16.4,17.3,18.2,19,19.9,20.9
2120,15.1,15.6,16.4,17.3,18.2,19.1,20,20.9
2130,15.1,15.6,16.4,17.3,18.2,19.1,20,20.9
2140,15.1,15.6,16.5,17.3,18.2,19.1,20,20.9
2150,15.1,15.6,16.4,17.3,18.2,19,19.9,20.9
2160,15.1,15.6,16.5,17.3,18.2,19.1,20,20.9
2170,15.1,15.6,16.5,17.3,18.2,19.1,20,20.9
2180,15.1,15.6,16.5,17.3,18.2,19.1,20,20.9
2190,15.1,15.6,16.4,17.3,18.2,19.1,20,20.9
2200,15.1,15.6,16.5,17.3,18.2,19.1,20,20.9
2210,15.1,15.6,16.5,17.3,18.2,19.1,20,20.9
2220,15.1,15.6,16.5,17.3,18.2,19.1,20,20.9
2230,15.1,15.6,16.4,17.3,18.2,19.1,19.9,20.9
2240,15.1,15.6,16.4,17.3,18.2,19.1,20,20.9
2250,15.1,15.6,16.4,17.3,18.2,19.1,20,20.9
2260,15.1,15.6,16.5,17.3,18.2,19.1,19.9,20.9
2270,15.1,15.6,16.5,17.3,18.2,19.1,20,20.9
2280,15.1,15.6,16.5,17.3,18.2,19.1,20,20.9
2290,15.1,15.6,16.4,17.3,18.2,19.1,20,20.9
2300,15.1,15.6,16.5,17.3,18.2,19.1,20,20.9
2310,15.1,15.6,16.4,17.3,18.2,19.1,20,20.9
2320,15.1,15.6,16.5,17.3,18.2,19.1,20,20.9
2330,15.1,15.6,16.5,17.3,18.2,19.1,20,20.9
2340,15.1,15.6,16.5,17.3,18.2,19.1,20,20.9
2350,15.1,15.6,16.5,17.3,18.2,19.1,20,20.9
2360,15.1,15.6,16.5,17.3,18.2,19.1,20,20.9
2370,15.1,15.6,16.5,17.3,18.2,19.1,20,20.9
2380,15.1,15.6,16.5,17.3,18.2,19.1,20,20.9
2390,15.1,15.7,16.5,17.3,18.2,19.1,20,20.9
2400,15.1,15.6,16.5,17.3,18.2,19.1,20,20.9
2410,15.1,15.7,16.5,17.3,18.2,19.1,20,20.9
2420,15.1,15.6,16.5,17.3,18.2,19.1,20,20.9
2430,15.1,15.6,16.5,17.3,18.2,19.1,20,20.9
2440,15.1,15.6,16.5,17.3,18.2,19.1,20,20.9
2450,15.1,15.7,16.5,17.3,18.2,19.1,20,20.9
2460,15.1,15.7,16.5,17.3,18.2,19.1,20,20.9
2470,15.1,15.7,16.5,17.3,18.2,19.1,20,20.9
2480,15.1,15.7,16.5,17.3,18.2,19.1,20,20.9
2490,15.1,15.6,16.5,17.3,18.2,19.1,20,20.9
2500,15.1,15.6,16.5,17.3,18.2,19.1,20,20.9
2510,15.1,15.6,16.5,17.3,18.2,19.1,20,20.9
2520,15.1,15.7,16.5,17.3,18.2,19.1,20,20.9
2530,15.1,15.7,16.5,17.3,18.2,19.1,20,20.9
2540,15.1,15.6,16.5,17.3,18.2,19.1,20,20.9
2550,15.1,15.7,16.5,17.3,18.2,19.1,20,20.9
2560,15.1,15.6,16.5,17.3,18.2,19.1,20,20.9
2570,15.1,15.6,16.5,17.3,18.2,19.1,20,20.9
2580,15.1,15.7,16.5,17.3,18.2,19.1,20,20.9
2590,15.1,15.7,16.5,17.3,18.2,19.1,20,20.9
2600,15.1,15.6,16.5,17.3,18.2,19.1,20,20.9
2610,15.1,15.7,16.5,17.3,18.2,19.1,20,20.9
2620,15.1,15.7,16.5,17.3,18.2,19.1,20,20.9
2630,15.1,15.6,16.5,17.3,18.2,19.1,20,20.9
2640,15.1,15.7,16.5,17.3,18.2,19.1,20,20.9
2650,15.1,15.6,16.5,17.3,18.2,19.1,20,20.9
2660,15.1,15.7,16.5,17.3,18.2,19.1,20,20.9
2670,15.1,15.6,16.5,17.3,18.2,19.1,20,20.9
