Time[s],CH1[C],CH2[C],CH3[C],CH4[C],CH5[C],CH6[C],CH7[C],CH8[C]
0,12,12.2,12.2,12.3,12.3,12.4,12.6,12.7
10,12,12.2,12.2,12.3,12.3,12.4,12.6,12.7
20,12,12.2,12.2,12.3,12.4,12.5,12.6,12.8
30,12,12.2,12.2,12.3,12.4,12.5,12.7,12.9
40,12,12.2,12.2,12.3,12.4,12.6,12.8,13
50,12,12.2,12.3,12.3,12.5,12.6,12.9,13.1
60,12,12.2,12.3,12.4,12.5,12.7,13,13.3
70,12,12.2,12.3,12.4,12.6,12.8,13.1,13.5
80,12,12.3,12.3,12.5,12.7,12.9,13.3,13.6
90,12.1,12.3,12.4,12.6,12.8,13.1,13.5,13.8
100,12.1,12.3,12.4,12.6,12.9,13.2,13.6,14
110,12.1,12.4,12.5,12.7,13,13.3,13.8,14.2
120,12.1,12.4,12.6,12.8,13.1,13.5,14,14.4
130,12.2,12.5,12.6,12.9,13.2,13.6,14.1,14.6
140,12.2,12.5,12.7,13,13.3,13.8,14.3,14.8
150,12.3,12.6,12.8,13.1,13.5,13.9,14.5,15
160,12.3,12.7,12.9,13.2,13.6,14.1,14.7,15.2
170,12.4,12.7,13,13.3,13.7,14.3,14.9,15.4
180,12.4,12.8,13.1,13.4,13.9,14.4,15,15.6
190,12.5,12.9,13.2,13.5,14,14.6,15.2,15.8
200,12.5,12.9,13.2,13.6,14.1,14.7,15.4,16
210,12.6,13,13.3,13.7,14.3,14.9,15.5,16.1
220,12.6,13.1,13.4,13.8,14.4,15,15.7,16.3
230,12.7,13.1,13.5,13.9,14.5,15.1,15.9,16.5
240,12.7,13.2,13.6,14.1,14.7,15.3,16,16.7
250,12.8,13.3,13.7,14.2,14.8,15.4,16.2,16.9
260,12.8,13.3,13.8,14.3,14.9,15.6,16.3,17
270,12.9,13.4,13.9,14.4,15,15.7,16.5,17.2
280,12.9,13.5,14,14.5,15.2,15.9,16.6,17.3
290,13,13.6,14,14.6,15.3,16,16.8,17.5
300,13.1,13.7,14.1,14.7,15.4,16.1,16.9,17.7
310,13.1,13.7,14.2,14.8,15.5,16.3,17.1,17.8
320,13.1,13.8,14.3,14.9,15.6,16.4,17.2,18
330,13.2,13.8,14.4,15,15.7,16.5,17.4,18.1
340,13.2,13.9,14.5,15.1,15.9,16.6,17.5,18.3
350,13.3,14,14.5,15.2,16,16.7,17.6,18.4
360,13.4,14,14.6,15.3,16.1,16.9,17.8,18.6
370,13.4,14.1,14.7,15.4,16.2,17,17.9,18.7
380,13.4,14.1,14.8,15.4,16.3,17.1,18,18.8
390,13.5,14.2,14.8,15.5,16.4,17.2,18.1,18.9
400,13.5,14.3,14.9,15.6,16.5,17.3,18.2,19.1
410,13.6,14.3,15,15.7,16.6,17.4,18.3,19.2
420,13.6,14.4,15.1,15.8,16.7,17.5,18.5,19.3
430,13.7,14.4,15.1,15.9,16.8,17.6,18.6,19.4
440,13.7,14.5,15.2,16,16.9,17.8,18.7,19.6
450,13.7,14.5,15.3,16,17,17.9,18.8,19.7
460,13.8,14.6,15.3,16.1,17,17.9,18.9,19.8
470,13.8,14.6,15.4,16.2,17.1,18,19,19.9
480,13.9,14.7,15.5,16.3,17.2,18.1,19.1,20
490,13.9,14.7,15.5,16.4,17.3,18.2,19.2,20.1
500,13.9,14.8,15.6,16.4,17.4,18.3,19.3,20.2
510,14,14.8,15.6,16.5,17.5,18.4,19.4,20.4
520,14,14.9,15.7,16.6,17.5,18.5,19.5,20.5
530,14,14.9,15.8,16.6,17.6,18.6,19.6,20.6
540,14.1,15,15.8,16.7,17.7,18.7,19.7,20.7
550,14.1,15,15.9,16.8,17.8,18.8,19.8,20.8
560,14.1,15,15.9,16.8,17.8,18.8,19.9,20.9
570,14.2,15.1,16,16.9,17.9,18.9,20,20.9
580,14.2,15.1,16,16.9,18,19,20,21
590,14.2,15.2,16.1,17,18.1,19.1,20.1,21.1
600,14.3,15.2,16.1,17.1,18.1,19.2,20.2,21.2
610,14.3,15.3,16.2,17.1,18.2,19.2,20.3,21.3
620,14.3,15.3,16.2,17.2,18.3,19.3,20.4,21.4
630,14.4,15.3,16.3,17.2,18.3,19.4,20.4,21.5
640,14.4,15.4,16.3,17.3,18.4,19.4,20.5,21.6
650,14.4,15.4,16.4,17.3,18.4,19.5,20.6,21.6
660,14.4,15.5,16.4,17.4,18.5,19.6,20.7,21.7
670,14.5,15.5,16.5,17.4,18.6,19.6,20.7,21.8
680,14.5,15.5,16.5,17.5,18.6,19.7,20.8,21.9
690,14.5,15.6,16.6,17.5,18.7,19.8,20.9,21.9
700,14.5,15.6,16.6,17.6,18.7,19.8,21,22
710,14.6,15.6,16.6,17.6,18.8,19.9,21,22.1
720,14.6,15.7,16.7,17.7,18.8,19.9,21.1,22.2
730,14.6,15.7,16.7,17.7,18.9,20,21.1,22.2
740,14.6,15.7,16.8,17.8,18.9,20.1,21.2,22.3
750,14.7,15.7,16.8,17.8,19,20.1,21.3,22.4
760,14.7,15.8,16.8,17.9,19,20.2,21.3,22.4
770,14.7,15.8,16.9,17.9,19.1,20.2,21.4,22.5
780,14.7,15.9,16.9,18,19.2,20.3,21.4,22.6
790,14.8,15.9,16.9,18,19.2,20.3,21.5,22.6
800,14.8,15.9,17,18,19.2,20.4,21.6,22.7
810,14.8,15.9,17,18.1,19.3,20.4,21.6,22.7
820,14.8,16,17,18.1,19.3,20.5,21.7,22.8
830,14.8,16,17.1,18.2,19.4,20.5,21.7,22.9
840,14.9,16,17.1,18.2,19.4,20.6,21.8,22.9
850,14.9,16,17.1,18.2,19.5,20.6,21.8,23
860,14.9,16.1,17.2,18.3,19.5,20.7,21.9,23
870,14.9,16.1,17.2,18.3,19.5,20.7,21.9,23.1
880,14.9,16.1,17.2,18.3,19.6,20.8,22,23.1
890,15,16.1,17.3,18.4,19.6,20.8,22,23.2
900,15,16.2,17.3,18.4,19.7,20.9,22.1,23.3
910,15,16.2,17.3,18.4,19.7,20.9,22.1,23.3
920,15,16.2,17.3,18.5,19.7,20.9,22.2,23.3
930,15,16.2,17.4,18.5,19.8,21,22.2,23.4
940,15.1,16.2,17.4,18.5,19.8,21,22.3,23.4
950,15.1,16.3,17.4,18.6,19.8,21.1,22.3,23.5
960,15.1,16.3,17.4,18.6,19.9,21.1,22.3,23.5
970,15.1,16.3,17.5,18.6,19.9,21.1,22.4,23.6
980,15.1,16.3,17.5,18.7,19.9,21.2,22.4,23.6
990,15.1,16.3,17.5,18.7,20,21.2,22.5,23.7
1000,15.1,16.4,17.6,18.7,20,21.3,22.5,23.7
1010,15.2,16.4,17.6,18.7,20.1,21.3,22.5,23.7
1020,15.2,16.4,17.6,18.8,20.1,21.3,22.6,23.8
1030,15.2,16.4,17.6,18.8,20.1,21.4,22.6,23.8
1040,15.2,16.4,17.6,18.8,20.1,21.4,22.6,23.9
1050,15.2,16.4,17.7,18.9,20.2,21.4,22.7,23.9
1060,15.2,16.5,17.7,18.9,20.2,21.5,22.7,24
1070,15.2,16.5,17.7,18.9,20.2,21.5,22.7,24
1080,15.2,16.5,17.7,18.9,20.3,21.5,22.8,24
1090,15.3,16.5,17.8,19,20.3,21.5,22.8,24.1
1100,15.3,16.5,17.8,19,20.3,21.6,22.9,24.1
1110,15.3,16.5,17.8,19,20.3,21.6,22.9,24.1
1120,15.3,16.6,17.8,19,20.4,21.6,22.9,24.2
1130,15.3,16.6,17.8,19.1,20.4,21.7,23,24.2
1140,15.3,16.6,17.8,19.1,20.4,21.7,23,24.2
1150,15.3,16.6,17.9,19.1,20.4,21.7,23,24.3
1160,15.4,16.6,17.9,19.1,20.5,21.8,23.1,24.3
1170,15.4,16.6,17.9,19.1,20.5,21.8,23.1,24.3
1180,15.4,16.6,17.9,19.1,20.5,21.8,23.1,24.4
1190,15.4,16.7,17.9,19.2,20.5,21.8,23.1,24.4
1200,15.4,16.7,18,19.2,20.6,21.8,23.1,24.4
1210,15.4,16.7,18,19.2,20.6,21.9,23.2,24.5
1220,15.4,16.7,18,19.2,20.6,21.9,23.2,24.5
1230,15.4,16.7,18,19.3,20.6,21.9,23.2,24.5
1240,15.4,16.7,18,19.3,20.6,21.9,23.3,24.6
1250,15.4,16.8,18,19.3,20.7,22,23.3,24.6
1260,15.5,16.8,18,19.3,20.7,22,23.3,24.6
1270,15.5,16.8,18.1,19.3,20.7,22,23.3,24.6
1280,15.5,16.8,18.1,19.4,20.7,22,23.4,24.7
1290,15.5,16.8,18.1,19.4,20.8,22.1,23.4,24.7
1300,15.5,16.8,18.1,19.4,20.8,22.1,23.4,24.7
1310,15.5,16.8,18.1,19.4,20.8,22.1,23.4,24.7
1320,15.5,16.8,18.1,19.4,20.8,22.1,23.4,24.8
1330,15.5,16.8,18.2,19.4,20.8,22.2,23.5,24.8
1340,15.5,16.9,18.2,19.4,20.8,22.2,23.5,24.8
1350,15.5,16.9,18.2,19.5,20.8,22.2,23.5,24.8
1360,15.5,16.9,18.2,19.5,20.9,22.2,23.5,24.8
1370,15.6,16.9,18.2,19.5,20.9,22.2,23.6,24.9
1380,15.6,16.9,18.2,19.5,20.9,22.2,23.6,24.9
1390,15.6,16.9,18.2,19.5,20.9,22.2,23.6,24.9
1400,15.6,16.9,18.2,19.5,20.9,22.3,23.6,24.9
1410,15.6,16.9,18.3,19.5,21,22.3,23.6,25
1420,15.6,16.9,18.3,19.5,21,22.3,23.6,25
1430,15.6,16.9,18.3,19.6,21,22.3,23.7,25
1440,15.6,17,18.3,19.6,21,22.3,23.7,25
1450,15.6,17,18.3,19.6,21,22.3,23.7,25
1460,15.6,17,18.3,19.6,21,22.4,23.7,25.1
1470,15.6,17,18.3,19.6,21,22.4,23.7,25.1
1480,15.6,17,18.3,19.6,21.1,22.4,23.8,25.1
1490,15.7,17,18.3,19.6,21.1,22.4,23.8,25.1
1500,15.6,17,18.4,19.7,21.1,22.4,23.8,25.1
1510,15.7,17,18.4,19.7,21.1,22.4,23.8,25.2
1520,15.7,17,18.4,19.7,21.1,22.4,23.8,25.2
1530,15.7,17,18.4,19.7,21.1,22.5,23.8,25.2
1540,15.7,17,18.4,19.7,21.1,22.5,23.9,25.2
1550,15.7,17.1,18.4,19.7,21.2,22.5,23.9,25.2
1560,15.7,17,18.4,19.7,21.2,22.5,23.9,25.2
1570,15.7,17.1,18.4,19.7,21.2,22.5,23.9,25.3
1580,15.7,17.1,18.4,19.7,21.2,22.5,23.9,25.3
1590,15.7,17.1,18.4,19.8,21.2,22.6,23.9,25.3
1600,15.7,17.1,18.4,19.8,21.2,22.6,23.9,25.3
1610,15.7,17.1,18.4,19.8,21.2,22.6,24,25.3
1620,15.7,17.1,18.5,19.8,21.2,22.6,24,25.3
1630,15.7,17.1,18.5,19.8,21.2,22.6,24,25.3
1640,15.7,17.1,18.5,19.8,21.2,22.6,24,25.4
1650,15.7,17.1,18.5,19.8,21.3,22.6,24,25.4
1660,15.7,17.1,18.5,19.8,21.3,22.6,24,25.4
1670,15.7,17.1,18.5,19.8,21.3,22.7,24,25.4
1680,15.8,17.1,18.5,19.8,21.3,22.7,24,25.4
1690,15.8,17.2,18.5,19.9,21.3,22.7,24.1,25.4
1700,15.7,17.1,18.5,19.9,21.3,22.7,24.1,25.4
1710,15.8,17.2,18.5,19.9,21.3,22.7,24.1,25.5
1720,15.8,17.2,18.5,19.9,21.3,22.7,24.1,25.5
1730,15.8,17.2,18.6,19.9,21.4,22.7,24.1,25.5
1740,15.8,17.2,18.6,19.9,21.4,22.7,24.1,25.5
1750,15.8,17.2,18.6,19.9,21.4,22.7,24.1,25.5
1760,15.8,17.2,18.6,19.9,21.4,22.7,24.1,25.5
1770,15.8,17.2,18.6,19.9,21.4,22.8,24.1,25.5
1780,15.8,17.2,18.6,19.9,21.4,22.8,24.1,25.5
1790,15.8,17.2,18.6,19.9,21.4,22.8,24.2,25.6
1800,15.8,17.2,18.6,19.9,21.4,22.8,24.2,25.6
1810,15.8,17.2,18.6,19.9,21.4,22.8,24.2,25.6
1820,15.8,17.2,18.6,20,21.4,22.8,24.2,25.6
1830,15.8,17.2,18.6,20,21.4,22.8,24.2,25.6
1840,15.8,17.2,18.6,20,21.4,22.8,24.2,25.6
1850,15.8,17.2,18.6,20,21.5,22.8,24.2,25.6
1860,15.8,17.2,18.6,20,21.4,22.8,24.2,25.6
1870,15.8,17.2,18.6,20,21.5,22.8,24.2,25.6
1880,15.8,17.2,18.6,20,21.5,22.8,24.3,25.6
1890,15.8,17.2,18.6,20,21.5,22.9,24.3,25.6
1900,15.8,17.2,18.6,20,21.5,22.9,24.3,25.7
1910,15.8,17.3,18.7,20,21.5,22.9,24.3,25.7
1920,15.9,17.3,18.7,20,21.5,22.9,24.3,25.7
1930,15.9,17.3,18.7,20,21.5,22.9,24.3,25.7
1940,15.8,17.3,18.7,20,21.5,22.9,24.3,25.7
1950,15.8,17.3,18.7,20,21.5,22.9,24.3,25.7
1960,15.9,17.3,18.7,20,21.5,22.9,24.3,25.7
1970,15.9,17.3,18.7,20,21.5,22.9,24.3,25.7
1980,15.9,17.3,18.7,20.1,21.5,22.9,24.3,25.7
1990,15.8,17.3,18.7,20,21.5,22.9,24.3,25.7
2000,15.9,17.3,18.7,20.1,21.5,22.9,24.4,25.8
2010,15.9,17.3,18.7,20.1,21.5,22.9,24.4,25.7
2020,15.9,17.3,18.7,20.1,21.6,22.9,24.4,25.8
2030,15.9,17.3,18.7,20.1,21.6,23,24.4,25.8
2040,15.9,17.3,18.7,20.1,21.6,23,24.4,25.8
2050,15.9,17.3,18.7,20.1,21.6,23,24.4,25.8
2060,15.9,17.3,18.7,20.1,21.6,23,24.4,25.8
2070,15.9,17.3,18.7,20.1,21.6,23,24.4,25.8
2080,15.9,17.3,18.7,20.1,21.6,23,24.4,25.8
2090,15.9,17.3,18.7,20.1,21.6,23,24.4,25.8
2100,15.9,17.3,18.7,20.1,21.6,23,24.4,25.8
2110,15.9,17.3,18.8,20.1,21.6,23,24.4,25.8
2120,15.9,17.3,18.7,20.1,21.6,23,24.4,25.8
2130,15.9,17.3,18.7,20.1,21.6,23,24.4,25.8
2140,15.9,17.3,18.7,20.1,21.6,23,24.4,25.8
2150,15.9,17.3,18.8,20.1,21.6,23,24.4,25.8
2160,15.9,17.3,18.7,20.1,21.6,23,24.4,25.9
2170,15.9,17.3,18.8,20.1,21.6,23,24.5,25.9
2180,15.9,17.3,18.8,20.1,21.6,23,24.5,25.9
2190,15.9,17.3,18.8,20.1,21.6,23,24.5,25.9
2200,15.9,17.4,18.8,20.2,21.6,23,24.5,25.9
2210,15.9,17.4,18.8,20.2,21.7,23.1,24.5,25.9
2220,15.9,17.4,18.8,20.2,21.6,23,24.5,25.9
2230,15.9,17.4,18.8,20.2,21.7,23.1,24.5,25.9
2240,15.9,17.4,18.8,20.2,21.7,23.1,24.5,25.9
2250,15.9,17.3,18.8,20.2,21.7,23.1,24.5,25.9
2260,15.9,17.4,18.8,20.2,21.7,23.1,24.5,25.9
2270,15.9,17.4,18.8,20.2,21.7,23.1,24.5,25.9
2280,15.9,17.4,18.8,20.2,21.7,23.1,24.5,25.9
2290,15.9,17.4,18.8,20.2,21.7,23.1,24.5,25.9
2300,15.9,17.4,18.8,20.2,21.7,23.1,24.5,25.9
2310,15.9,17.4,18.8,20.2,21.7,23.1,24.5,25.9
2320,15.9,17.4,18.8,20.2,21.7,23.1,24.5,25.9
2330,15.9,17.4,18.8,20.2,21.7,23.1,24.5,25.9
2340,15.9,17.4,18.8,20.2,21.7,23.1,24.5,26
2350,15.9,17.4,18.8,20.2,21.7,23.1,24.5,26
2360,15.9,17.4,18.8,20.2,21.7,23.1,24.5,26
2370,15.9,17.4,18.8,20.2,21.7,23.1,24.5,26
2380,15.9,17.4,18.8,20.2,21.7,23.1,24.6,26
2390,16,17.4,18.8,20.2,21.7,23.1,24.6,26
2400,15.9,17.4,18.8,20.2,21.7,23.1,24.6,26
2410,15.9,17.4,18.8,20.2,21.7,23.1,24.6,26
2420,15.9,17.4,18.8,20.2,21.7,23.1,24.6,26
2430,16,17.4,18.8,20.2,21.7,23.1,24.6,26
2440,16,17.4,18.8,20.2,21.7,23.1,24.6,26
2450,16,17.4,18.8,20.2,21.7,23.1,24.6,26
2460,16,17.4,18.8,20.2,21.7,23.1,24.6,26
2470,16,17.4,18.8,20.2,21.7,23.1,24.6,26
2480,16,17.4,18.8,20.2,21.7,23.1,24.6,26
2490,16,17.4,18.8,20.2,21.7,23.1,24.6,26
2500,16,17.4,18.8,20.2,21.7,23.2,24.6,26
2510,16,17.4,18.9,20.2,21.8,23.2,24.6,26
2520,16,17.4,18.8,20.2,21.7,23.2,24.6,26
2530,16,17.4,18.8,20.2,21.7,23.2,24.6,26
2540,16,17.4,18.8,20.2,21.7,23.2,24.6,26
2550,16,17.4,18.9,20.2,21.8,23.2,24.6,26
2560,16,17.4,18.8,20.2,21.8,23.2,24.6,26
2570,16,17.4,18.9,20.3,21.8,23.2,24.6,26
2580,16,17.4,18.9,20.2,21.8,23.2,24.6,26
2590,16,17.4,18.9,20.3,21.8,23.2,24.6,26
2600,16,17.4,18.9,20.3,21.8,23.2,24.6,26.1
2610,16,17.4,18.9,20.3,21.8,23.2,24.6,26.1
2620,16,17.4,18.9,20.3,21.8,23.2,24.6,26.1
2630,16,17.4,18.9,20.3,21.8,23.2,24.6,26.1
2640,16,17.4,18.9,20.3,21.8,23.2,24.6,26.1
2650,16,17.4,18.9,20.3,21.8,23.2,24.6,26.1
2660,16,17.4,18.9,20.3,21.8,23.2,24.6,26.1
2670,16,17.4,18.9,20.3,21.8,23.2,24.6,26.1
2680,16,17.4,18.9,20.3,21.8,23.2,24.6,26.1
2690,16,17.4,18.9,20.3,21.8,23.2,24.6,26.1
2700,16,17.4,18.9,20.3,21.8,23.2,24.6,26.1
2710,16,17.4,18.9,20.3,21.8,23.2,24.7,26.1
2720,16,17.4,18.9,20.3,21.8,23.2,24.7,26.1
2730,16,17.4,18.9,20.3,21.8,23.2,24.7,26.1
2740,16,17.4,18.9,20.3,21.8,23.2,24.7,26.1
2750,16,17.4,18.9,20.3,21.8,23.2,24.7,26.1
2760,16,17.4,18.9,20.3,21.8,23.2,24.7,26.1
2770,16,17.4,18.9,20.3,21.8,23.2,24.7,26.1
2780,16,17.5,18.9,20.3,21.8,23.2,24.7,26.1
2790,16,17.5,18.9,20.3,21.8,23.2,24.7,26.1
2800,16,17.5,18.9,20.3,21.8,23.2,24.7,26.1
2810,16,17.5,18.9,20.3,21.8,23.2,24.7,26.1
2820,16,17.5,18.9,20.3,21.8,23.2,24.7,26.1
2830,16,17.5,18.9,20.3,21.8,23.2,24.7,26.1
2840,16,17.5,18.9,20.3,21.8,23.3,24.7,26.1
2850,16,17.5,18.9,20.3,21.8,23.2,24.7,26.1
2860,16,17.5,18.9,20.3,21.8,23.2,24.7,26.1
2870,16,17.5,18.9,20.3,21.8,23.2,24.7,26.1
2880,16,17.5,18.9,20.3,21.8,23.2,24.7,26.1
2890,16,17.5,18.9,20.3,21.8,23.2,24.7,26.1
2900,16,17.5,18.9,20.3,21.8,23.2,24.7,26.1
2910,16,17.5,18.9,20.3,21.8,23.2,24.7,26.1
2920,16,17.5,18.9,20.3,21.8,23.3,24.7,26.1
2930,16,17.5,18.9,20.3,21.8,23.3,24.7,26.1
2940,16,17.5,18.9,20.3,21.8,23.3,24.7,26.1
2950,16,17.5,18.9,20.3,21.8,23.3,24.7,26.1
2960,16,17.5,18.9,20.3,21.8,23.3,24.7,26.1
2970,16,17.5,18.9,20.3,21.8,23.3,24.7,26.1
2980,16,17.5,18.9,20.3,21.8,23.3,24.7,26.1
2990,16,17.5,18.9,20.3,21.8,23.3,24.7,26.2
3000,16,17.5,18.9,20.3,21.8,23.3,24.7,26.2
3010,16,17.5,18.9,20.3,21.8,23.3,24.7,26.1
3020,16,17.5,18.9,20.3,21.8,23.3,24.7,26.2
3030,16,17.5,18.9,20.3,21.8,23.3,24.7,26.2
3040,16,17.5,18.9,20.3,21.8,23.3,24.7,26.2
3050,16,17.5,18.9,20.3,21.8,23.3,24.7,26.2
3060,16,17.5,18.9,20.3,21.8,23.3,24.7,26.1
3070,16,17.5,18.9,20.3,21.9,23.3,24.7,26.1
3080,16,17.5,18.9,20.3,21.9,23.3,24.7,26.2
3090,16,17.5,18.9,20.3,21.8,23.3,24.7,26.2
3100,16,17.5,18.9,20.3,21.8,23.3,24.7,26.2
3110,16,17.5,18.9,20.3,21.8,23.3,24.7,26.2
3120,16,17.5,18.9,20.3,21.9,23.3,24.7,26.2
3130,16,17.5,18.9,20.3,21.9,23.3,24.7,26.2
3140,16,17.5,18.9,20.3,21.9,23.3,24.7,26.2
3150,16,17.5,18.9,20.3,21.8,23.3,24.7,26.2
3160,16,17.5,18.9,20.3,21.8,23.3,24.7,26.2
3170,16,17.5,18.9,20.3,21.9,23.3,24.7,26.2
3180,16,17.5,18.9,20.3,21.8,23.3,24.7,26.2
3190,16,17.5,18.9,20.3,21.9,23.3,24.7,26.2
3200,16,17.5,18.9,20.3,21.9,23.3,24.7,26.2
3210,16,17.5,18.9,20.3,21.9,23.3,24.7,26.2
3220,16,17.5,18.9,20.3,21.9,23.3,24.7,26.2
3230,16,17.5,18.9,20.3,21.9,23.3,24.7,26.2
3240,16,17.5,18.9,20.3,21.9,23.3,24.7,26.2
3250,16,17.5,18.9,20.3,21.9,23.3,24.7,26.2
3260,16,17.5,18.9,20.3,21.9,23.3,24.7,26.2
3270,16,17.5,18.9,20.3,21.9,23.3,24.7,26.2
3280,16,17.5,18.9,20.3,21.9,23.3,24.7,26.2
3290,16,17.5,18.9,20.3,21.9,23.3,24.7,26.2
3300,16,17.5,18.9,20.3,21.9,23.3,24.7,26.2
3310,16,17.5,18.9,20.3,21.9,23.3,24.7,26.2
3320,16,17.5,18.9,20.3,21.9,23.3,24.7,26.2
3330,16,17.5,18.9,20.3,21.9,23.3,24.7,26.2
3340,16,17.5,18.9,20.3,21.9,23.3,24.7,26.2
3350,16,17.5,18.9,20.3,21.9,23.3,24.7,26.2
3360,16,17.5,18.9,20.3,21.9,23.3,24.8,26.2
3370,16,17.5,18.9,20.3,21.9,23.3,24.7,26.2
3380,16,17.5,19,20.3,21.9,23.3,24.8,26.2
3390,16,17.5,18.9,20.3,21.9,23.3,24.7,26.2
3400,16,17.5,18.9,20.3,21.9,23.3,24.7,26.2
3410,16,17.5,18.9,20.3,21.9,23.3,24.7,26.2
3420,16,17.5,18.9,20.4,21.9,23.3,24.8,26.2
3430,16,17.5,18.9,20.4,21.9,23.3,24.8,26.2
3440,16,17.5,18.9,20.3,21.9,23.3,24.8,26.2
3450,16,17.5,18.9,20.3,21.9,23.3,24.7,26.2
3460,16,17.5,18.9,20.3,21.9,23.3,24.8,26.2
3470,16,17.5,18.9,20.3,21.9,23.3,24.7,26.2
3480,16,17.5,18.9,20.4,21.9,23.3,24.8,26.2
3490,16,17.5,18.9,20.3,21.9,23.3,24.7,26.2
3500,16,17.5,19,20.4,21.9,23.3,24.8,26.2
3510,16,17.5,18.9,20.4,21.9,23.3,24.8,26.2
3520,16,17.5,19,20.4,21.9,23.3,24.8,26.2
3530,16,17.5,19,20.4,21.9,23.3,24.8,26.2
3540,16,17.5,18.9,20.4,21.9,23.3,24.8,26.2
3550,16,17.5,18.9,20.3,21.9,23.3,24.7,26.2
3560,16,17.5,18.9,20.4,21.9,23.3,24.8,26.2
3570,16,17.5,18.9,20.4,21.9,23.3,24.8,26.2
3580,16,17.5,19,20.4,21.9,23.3,24.8,26.2
3590,16,17.5,18.9,20.4,21.9,23.3,24.8,26.2
3600,16,17.5,18.9,20.4,21.9,23.3,24.8,26.2
3610,16,17.5,18.9,20.4,21.9,23.3,24.8,26.2
3620,16,17.5,18.9,20.4,21.9,23.3,24.8,26.2
3630,16,17.5,19,20.4,21.9,23.3,24.8,26.2
3640,16,17.5,18.9,20.4,21.9,23.3,24.8,26.2
3650,16,17.5,18.9,20.4,21.9,23.3,24.8,26.2
3660,16,17.5,19,20.4,21.9,23.3,24.8,26.2
3670,16,17.5,19,20.4,21.9,23.3,24.8,26.2
3680,16,17.5,19,20.4,21.9,23.3,24.8,26.2
3690,16,17.5,18.9,20.4,21.9,23.3,24.8,26.2
3700,16,17.5,18.9,20.3,21.9,23.3,24.8,26.2
3710,16,17.5,18.9,20.4,21.9,23.3,24.8,26.2
3720,16,17.5,18.9,20.4,21.9,23.3,24.8,26.2
3730,16,17.5,19,20.4,21.9,23.3,24.8,26.2
3740,16,17.5,18.9,20.3,21.9,23.3,24.8,26.2
3750,16,17.5,19,20.4,21.9,23.3,24.8,26.2
3760,16,17.5,19,20.4,21.9,23.3,24.8,26.2
3770,16,17.5,18.9,20.4,21.9,23.3,24.8,26.2
3780,16,17.5,19,20.4,21.9,23.3,24.8,26.2
3790,16,17.5,19,20.4,21.9,23.3,24.8,26.2
3800,16,17.5,19,20.4,21.9,23.3,24.8,26.2
3810,16,17.5,19,20.4,21.9,23.3,24.8,26.2
3820,16,17.5,18.9,20.4,21.9,23.3,24.8,26.2
3830,16,17.5,19,20.4,21.9,23.3,24.8,26.2
3840,16,17.5,19,20.4,21.9,23.3,24.8,26.2
3850,16,17.5,19,20.4,21.9,23.3,24.8,26.2
3860,16,17.5,19,20.4,21.9,23.3,24.8,26.2
3870,16,17.5,19,20.4,21.9,23.3,24.8,26.2
3880,16,17.5,19,20.4,21.9,23.3,24.8,26.2
3890,16,17.5,19,20.4,21.9,23.3,24.8,26.2
3900,16,17.5,19,20.4,21.9,23.3,24.8,26.2
3910,16,17.5,19,20.4,21.9,23.3,24.8,26.2
3920,16,17.5,19,20.4,21.9,23.3,24.8,26.2
3930,16,17.5,19,20.4,21.9,23.3,24.8,26.2
3940,16,17.5,19,20.4,21.9,23.3,24.8,26.2
3950,16,17.5,19,20.4,21.9,23.3,24.8,26.2
3960,16,17.5,19,20.4,21.9,23.3,24.8,26.2
3970,16,17.5,18.9,20.4,21.9,23.3,24.8,26.2
3980,16,17.5,19,20.4,21.9,23.3,24.8,26.2
3990,16,17.5,19,20.4,21.9,23.3,24.8,26.2
4000,16,17.5,18.9,20.4,21.9,23.3,24.8,26.2
4010,16,17.5,19,20.4,21.9,23.3,24.8,26.2
4020,16,17.5,18.9,20.4,21.9,23.3,24.8,26.2
4030,16,17.5,19,20.4,21.9,23.3,24.8,26.2
4040,16,17.5,19,20.4,21.9,23.3,24.8,26.2
4050,16,17.5,19,20.4,21.9,23.3,24.8,26.2
4060,16,17.5,19,20.4,21.9,23.3,24.8,26.2
4070,16,17.5,19,20.4,21.9,23.3,24.8,26.2
4080,16,17.5,18.9,20.4,21.9,23.3,24.8,26.2
4090,16,17.5,19,20.4,21.9,23.3,24.8,26.2
4100,16,17.5,19,20.4,21.9,23.3,24.8,26.2
4110,16,17.5,19,20.4,21.9,23.3,24.8,26.2
4120,16,17.5,18.9,20.4,21.9,23.3,24.8,26.2
4130,16,17.5,18.9,20.4,21.9,23.3,24.8,26.2
4140,16,17.5,19,20.4,21.9,23.3,24.8,26.2
4150,16,17.5,19,20.4,21.9,23.3,24.8,26.2
4160,16,17.5,19,20.4,21.9,23.3,24.8,26.2
4170,16,17.5,19,20.4,21.9,23.3,24.8,26.2
4180,16,17.5,18.9,20.4,21.9,23.3,24.8,26.2
4190,16,17.5,19,20.4,21.9,23.3,24.8,26.2
4200,16,17.5,19,20.4,21.9,23.3,24.8,26.2
4210,16,17.5,19,20.4,21.9,23.3,24.8,26.2
4220,16,17.5,18.9,20.4,21.9,23.3,24.8,26.2
4230,16,17.5,19,20.4,21.9,23.3,24.8,26.2
4240,16,17.5,19,20.4,21.9,23.3,24.8,26.2
4250,16,17.5,19,20.4,21.9,23.3,24.8,26.2
4260,16,17.5,19,20.4,21.9,23.3,24.8,26.2
4270,16,17.5,19,20.4,21.9,23.3,24.8,26.2
4280,16,17.5,19,20.4,21.9,23.3,24.8,26.2
4290,16,17.5,19,20.4,21.9,23.3,24.8,26.2
4300,16,17.5,19,20.4,21.9,23.3,24.8,26.2
4310,16,17.5,19,20.4,21.9,23.3,24.8,26.2
4320,16,17.5,18.9,20.4,21.9,23.3,24.8,26.2
4330,16,17.5,19,20.4,21.9,23.3,24.8,26.2
4340,16,17.5,19,20.4,21.9,23.3,24.8,26.2
4350,16,17.5,18.9,20.4,21.9,23.3,24.8,26.2
4360,16,17.5,19,20.4,21.9,23.3,24.8,26.2
4370,16,17.5,19,20.4,21.9,23.3,24.8,26.2
4380,16,17.5,19,20.4,21.9,23.3,24.8,26.2
4390,16,17.5,19,20.4,21.9,23.3,24.8,26.2
4400,16,17.5,19,20.4,21.9,23.3,24.8,26.2
4410,16,17.5,19,20.4,21.9,23.3,24.8,26.2
4420,16,17.5,19,20.4,21.9,23.3,24.8,26.2
4430,16,17.5,19,20.4,21.9,23.3,24.8,26.2
4440,16,17.5,19,20.4,21.9,23.3,24.8,26.2
4450,16,17.5,19,20.4,21.9,23.3,24.8,26.2
4460,16,17.5,19,20.4,21.9,23.3,24.8,26.2
4470,16,17.5,19,20.4,21.9,23.3,24.8,26.3
4480,16,17.5,19,20.4,21.9,23.3,24.8,26.2
4490,16,17.5,19,20.4,21.9,23.3,24.8,26.2
4500,16,17.5,19,20.4,21.9,23.3,24.8,26.2
4510,16,17.5,19,20.4,21.9,23.3,24.8,26.2
4520,16,17.5,19,20.4,21.9,23.3,24.8,26.2
4530,16,17.5,19,20.4,21.9,23.3,24.8,26.2
4540,16,17.5,19,20.4,21.9,23.3,24.8,26.2
4550,16,17.5,18.9,20.4,21.9,23.3,24.8,26.2
4560,16,17.5,19,20.4,21.9,23.3,24.8,26.2
4570,16,17.5,19,20.4,21.9,23.3,24.8,26.2
4580,16,17.5,19,20.4,21.9,23.3,24.8,26.2
4590,16,17.5,19,20.4,21.9,23.3,24.8,26.2
4600,16.1,17.5,19,20.4,21.9,23.3,24.8,26.2
4610,16,17.5,19,20.4,21.9,23.3,24.8,26.2
4620,16,17.5,19,20.4,21.9,23.3,24.8,26.2
4630,16,17.5,18.9,20.4,21.9,23.3,24.8,26.2
4640,16,17.5,19,20.4,21.9,23.3,24.8,26.2
4650,16,17.5,19,20.4,21.9,23.3,24.8,26.2
4660,16,17.5,19,20.4,21.9,23.3,24.8,26.2
4670,16,17.5,19,20.4,21.9,23.3,24.8,26.2
4680,16,17.5,19,20.4,21.9,23.3,24.8,26.2
4690,16,17.5,19,20.4,21.9,23.3,24.8,26.2
4700,16,17.5,19,20.4,21.9,23.3,24.8,26.2
4710,16,17.5,19,20.4,21.9,23.3,24.8,26.2
4720,16,17.5,19,20.4,21.9,23.3,24.8,26.2
4730,16,17.5,19,20.4,21.9,23.3,24.8,26.2
4740,16,17.5,19,20.4,21.9,23.3,24.8,26.2
4750,16,17.5,19,20.4,21.9,23.3,24.8,26.2
4760,16,17.5,19,20.4,21.9,23.3,24.8,26.2
4770,16,17.5,19,20.4,21.9,23.3,24.8,26.2
4780,16,17.5,19,20.4,21.9,23.3,24.8,26.2
4790,16,17.5,19,20.4,21.9,23.3,24.8,26.2
4800,16,17.5,19,20.4,21.9,23.3,24.8,26.2
4810,16,17.5,19,20.4,21.9,23.3,24.8,26.2
4820,16,17.5,19,20.4,21.9,23.3,24.8,26.2
4830,16,17.5,19,20.4,21.9,23.3,24.8,26.2
4840,16,17.5,19,20.4,21.9,23.3,24.8,26.2
4850,16,17.5,19,20.4,21.9,23.3,24.8,26.2
4860,16,17.5,19,20.4,21.9,23.3,24.8,26.2
4870,16.1,17.5,19,20.4,21.9,23.3,24.8,26.2
4880,16,17.5,19,20.4,21.9,23.3,24.8,26.2
4890,16,17.5,19,20.4,21.9,23.3,24.8,26.3
4900,16.1,17.5,19,20.4,21.9,23.3,24.8,26.2
4910,16,17.5,19,20.4,21.9,23.3,24.8,26.2
4920,16,17.5,19,20.4,21.9,23.3,24.8,26.2
4930,16,17.5,19,20.4,21.9,23.3,24.8,26.2
4940,16.1,17.5,19,20.4,21.9,23.3,24.8,26.2
