Time[s],CH1[C],CH2[C],CH3[C],CH4[C],CH5[C],CH6[C],CH7[C],CH8[C]
0,13.6,14.3,14.9,15.3,15.7,16.3,16.4,16.8
10,13.6,14.3,14.9,15.3,15.7,16.3,16.4,16.8
20,13.6,14.3,14.9,15.3,15.7,16.3,16.4,16.8
30,13.7,14.3,14.9,15.3,15.8,16.3,16.4,16.9
40,13.7,14.3,14.9,15.3,15.7,16.3,16.5,16.9
50,13.7,14.3,14.9,15.3,15.7,16.3,16.5,17
60,13.6,14.3,14.9,15.3,15.7,16.3,16.5,17
70,13.6,14.3,14.9,15.3,15.7,16.3,16.5,17.1
80,13.7,14.3,14.9,15.3,15.7,16.3,16.5,17.2
90,13.7,14.3,14.9,15.3,15.8,16.3,16.6,17.2
100,13.7,14.3,14.9,15.3,15.8,16.3,16.6,17.3
110,13.7,14.3,14.9,15.3,15.8,16.4,16.7,17.4
120,13.7,14.3,14.9,15.4,15.8,16.4,16.7,17.5
130,13.6,14.3,14.9,15.4,15.8,16.4,16.8,17.6
140,13.7,14.3,14.9,15.4,15.8,16.4,16.8,17.7
150,13.6,14.3,14.9,15.4,15.8,16.5,16.9,17.8
160,13.7,14.3,14.9,15.4,15.9,16.5,17,17.9
170,13.7,14.3,14.9,15.4,15.9,16.5,17,18.1
180,13.7,14.3,14.9,15.4,15.9,16.5,17.1,18.2
190,13.7,14.3,14.9,15.4,15.9,16.6,17.2,18.3
200,13.7,14.3,14.9,15.4,15.9,16.6,17.2,18.4
210,13.7,14.3,14.9,15.4,16,16.7,17.3,18.5
220,13.7,14.3,14.9,15.5,16,16.7,17.4,18.6
230,13.7,14.3,14.9,15.5,16,16.8,17.5,18.7
240,13.7,14.3,14.9,15.5,16,16.8,17.6,18.9
250,13.7,14.3,15,15.5,16.1,16.9,17.7,19
260,13.7,14.3,15,15.5,16.1,16.9,17.8,19.1
270,13.7,14.3,15,15.5,16.1,17,17.8,19.2
280,13.7,14.3,15,15.6,16.2,17,17.9,19.4
290,13.7,14.4,15,15.6,16.2,17.1,18,19.5
300,13.7,14.4,15,15.6,16.3,17.2,18.1,19.6
310,13.7,14.4,15,15.6,16.3,17.2,18.2,19.7
320,13.7,14.4,15.1,15.7,16.4,17.3,18.3,19.9
330,13.7,14.4,15.1,15.7,16.4,17.3,18.4,20
340,13.7,14.4,15.1,15.7,16.5,17.4,18.5,20.1
350,13.7,14.4,15.1,15.8,16.5,17.5,18.6,20.2
360,13.7,14.4,15.1,15.8,16.6,17.5,18.7,20.4
370,13.7,14.4,15.2,15.8,16.6,17.6,18.8,20.5
380,13.7,14.5,15.2,15.9,16.7,17.7,18.9,20.6
390,13.7,14.5,15.2,15.9,16.7,17.7,18.9,20.7
400,13.7,14.5,15.2,15.9,16.8,17.8,19,20.8
410,13.7,14.5,15.2,16,16.8,17.9,19.1,21
420,13.8,14.5,15.3,16,16.9,18,19.2,21.1
430,13.8,14.5,15.3,16.1,16.9,18,19.4,21.2
440,13.8,14.5,15.3,16.1,17,18.1,19.4,21.3
450,13.8,14.6,15.3,16.1,17,18.2,19.5,21.5
460,13.8,14.6,15.4,16.2,17.1,18.2,19.6,21.6
470,13.8,14.6,15.4,16.2,17.2,18.3,19.7,21.7
480,13.8,14.6,15.4,16.3,17.2,18.4,19.8,21.8
490,13.8,14.6,15.5,16.3,17.3,18.5,19.9,21.9
500,13.9,14.7,15.5,16.3,17.3,18.5,20,22.1
510,13.9,14.7,15.5,16.4,17.4,18.6,20.1,22.2
520,13.9,14.7,15.6,16.4,17.4,18.7,20.2,22.3
530,13.9,14.7,15.6,16.5,17.5,18.8,20.3,22.4
540,13.9,14.7,15.6,16.5,17.6,18.8,20.4,22.5
550,13.9,14.8,15.6,16.6,17.6,18.9,20.5,22.6
560,13.9,14.8,15.7,16.6,17.7,19,20.6,22.8
570,14,14.8,15.7,16.7,17.8,19.1,20.7,22.9
580,14,14.8,15.8,16.7,17.8,19.2,20.8,23
590,14,14.9,15.8,16.8,17.9,19.2,20.9,23.1
600,14,14.9,15.8,16.8,17.9,19.3,21,23.2
610,14,14.9,15.9,16.9,18,19.4,21.1,23.3
620,14,14.9,15.9,16.9,18.1,19.5,21.2,23.4
630,14.1,15,16,17,18.1,19.5,21.3,23.6
640,14.1,15,16,17,18.2,19.6,21.4,23.7
650,14.1,15,16,17.1,18.3,19.7,21.5,23.8
660,14.1,15,16.1,17.1,18.3,19.8,21.6,23.9
670,14.1,15.1,16.1,17.2,18.4,19.8,21.7,24
680,14.2,15.1,16.2,17.2,18.5,19.9,21.8,24.1
690,14.2,15.1,16.2,17.3,18.5,20,21.9,24.2
700,14.2,15.2,16.2,17.3,18.6,20.1,22,24.3
710,14.2,15.2,16.3,17.4,18.7,20.2,22.1,24.4
720,14.2,15.2,16.3,17.4,18.7,20.2,22.1,24.5
730,14.3,15.2,16.3,17.5,18.8,20.3,22.2,24.6
740,14.3,15.3,16.4,17.5,18.8,20.4,22.3,24.8
750,14.3,15.3,16.4,17.6,18.9,20.5,22.4,24.9
760,14.3,15.3,16.5,17.6,19,20.5,22.5,25
770,14.3,15.4,16.5,17.7,19,20.6,22.6,25.1
780,14.4,15.4,16.6,17.7,19.1,20.7,22.7,25.2
790,14.4,15.4,16.6,17.8,19.2,20.8,22.8,25.3
800,14.4,15.5,16.6,17.8,19.2,20.8,22.9,25.4
810,14.4,15.5,16.7,17.9,19.3,20.9,23,25.5
820,14.5,15.5,16.7,17.9,19.4,21,23.1,25.6
830,14.5,15.6,16.8,18,19.4,21.1,23.2,25.7
840,14.5,15.6,16.8,18,19.5,21.1,23.2,25.8
850,14.5,15.6,16.8,18.1,19.6,21.2,23.3,25.9
860,14.5,15.6,16.9,18.1,19.6,21.3,23.4,26
870,14.6,15.7,16.9,18.2,19.7,21.4,23.5,26.1
880,14.6,15.7,17,18.3,19.8,21.4,23.6,26.2
890,14.6,15.7,17,18.3,19.8,21.5,23.7,26.3
900,14.6,15.8,17.1,18.4,19.9,21.6,23.8,26.4
910,14.7,15.8,17.1,18.4,20,21.7,23.9,26.5
920,14.7,15.8,17.2,18.5,20,21.7,23.9,26.6
930,14.7,15.9,17.2,18.5,20.1,21.8,24,26.7
940,14.7,15.9,17.2,18.6,20.1,21.9,24.1,26.8
950,14.7,15.9,17.3,18.6,20.2,22,24.2,26.9
960,14.8,16,17.3,18.7,20.3,22,24.3,27
970,14.8,16,17.4,18.7,20.3,22.1,24.4,27
980,14.8,16,17.4,18.8,20.4,22.2,24.5,27.1
990,14.8,16.1,17.4,18.8,20.5,22.2,24.5,27.2
1000,14.9,16.1,17.5,18.9,20.5,22.3,24.6,27.4
1010,14.9,16.1,17.5,19,20.6,22.4,24.7,27.4
1020,14.9,16.2,17.6,19,20.7,22.5,24.8,27.5
1030,14.9,16.2,17.6,19.1,20.7,22.5,24.9,27.6
1040,15,16.2,17.7,19.1,20.8,22.6,25,27.7
1050,15,16.3,17.7,19.2,20.9,22.7,25,27.8
1060,15,16.3,17.7,19.2,20.9,22.8,25.1,27.9
1070,15,16.3,17.8,19.3,21,22.8,25.2,28
1080,15.1,16.4,17.8,19.3,21,22.9,25.3,28.1
1090,15.1,16.4,17.9,19.4,21.1,23,25.4,28.2
1100,15.1,16.5,17.9,19.4,21.2,23,25.4,28.2
1110,15.1,16.5,18,19.5,21.2,23.1,25.5,28.3
1120,15.2,16.5,18,19.5,21.3,23.2,25.6,28.4
1130,15.2,16.5,18.1,19.6,21.3,23.2,25.7,28.5
1140,15.2,16.6,18.1,19.6,21.4,23.3,25.8,28.6
1150,15.2,16.6,18.1,19.7,21.5,23.4,25.8,28.7
1160,15.3,16.6,18.2,19.7,21.5,23.4,25.9,28.8
1170,15.3,16.7,18.2,19.8,21.6,23.5,26,28.8
1180,15.3,16.7,18.3,19.8,21.7,23.6,26.1,28.9
1190,15.3,16.8,18.3,19.9,21.7,23.7,26.2,29
1200,15.4,16.8,18.4,20,21.8,23.7,26.2,29.1
1210,15.4,16.8,18.4,20,21.8,23.8,26.3,29.2
1220,15.4,16.8,18.4,20.1,21.9,23.9,26.4,29.3
1230,15.4,16.9,18.5,20.1,22,23.9,26.5,29.3
1240,15.5,16.9,18.5,20.2,22,24,26.5,29.4
1250,15.5,16.9,18.6,20.2,22.1,24.1,26.6,29.5
1260,15.5,17,18.6,20.3,22.1,24.1,26.7,29.6
1270,15.5,17,18.7,20.3,22.2,24.2,26.8,29.7
1280,15.6,17,18.7,20.4,22.3,24.2,26.8,29.7
1290,15.6,17.1,18.7,20.4,22.3,24.3,26.9,29.8
1300,15.6,17.1,18.8,20.5,22.4,24.4,27,29.9
1310,15.6,17.1,18.8,20.5,22.4,24.4,27.1,30
1320,15.6,17.2,18.9,20.6,22.5,24.5,27.1,30.1
1330,15.7,17.2,18.9,20.6,22.6,24.6,27.2,30.2
1340,15.7,17.2,19,20.7,22.6,24.6,27.3,30.2
1350,15.7,17.3,19,20.7,22.7,24.7,27.4,30.3
1360,15.7,17.3,19,20.8,22.7,24.8,27.4,30.4
1370,15.8,17.3,19.1,20.8,22.8,24.8,27.5,30.5
1380,15.8,17.4,19.1,20.9,22.8,24.9,27.6,30.5
1390,15.8,17.4,19.1,20.9,22.9,25,27.6,30.6
1400,15.8,17.4,19.2,21,22.9,25,27.7,30.7
1410,15.8,17.4,19.2,21,23,25.1,27.8,30.8
1420,15.9,17.5,19.3,21,23.1,25.1,27.8,30.8
1430,15.9,17.5,19.3,21.1,23.1,25.2,27.9,30.9
1440,15.9,17.5,19.3,21.1,23.2,25.3,28,31
1450,16,17.6,19.4,21.2,23.2,25.3,28.1,31.1
1460,16,17.6,19.4,21.2,23.3,25.4,28.1,31.1
1470,16,17.6,19.5,21.3,23.3,25.4,28.2,31.2
1480,16,17.7,19.5,21.3,23.4,25.5,28.3,31.3
1490,16,17.7,19.5,21.4,23.4,25.6,28.3,31.4
1500,16.1,17.7,19.6,21.4,23.5,25.6,28.4,31.4
1510,16.1,17.8,19.6,21.5,23.6,25.7,28.5,31.5
1520,16.1,17.8,19.7,21.5,23.6,25.7,28.5,31.6
1530,16.1,17.8,19.7,21.6,23.6,25.8,28.6,31.6
1540,16.1,17.8,19.7,21.6,23.7,25.8,28.6,31.7
1550,16.2,17.9,19.8,21.7,23.8,25.9,28.7,31.8
1560,16.2,17.9,19.8,21.7,23.8,26,28.8,31.9
1570,16.2,18,19.9,21.8,23.9,26,28.8,31.9
1580,16.3,18,19.9,21.8,23.9,26.1,28.9,32
1590,16.3,18,19.9,21.8,24,26.2,29,32.1
1600,16.3,18,20,21.9,24,26.2,29,32.1
1610,16.3,18.1,20,21.9,24.1,26.3,29.1,32.2
1620,16.3,18.1,20,22,24.1,26.3,29.2,32.3
1630,16.4,18.1,20.1,22,24.2,26.4,29.2,32.3
1640,16.4,18.2,20.1,22.1,24.2,26.4,29.3,32.4
1650,16.4,18.2,20.2,22.1,24.3,26.5,29.4,32.5
1660,16.4,18.2,20.2,22.1,24.3,26.5,29.4,32.6
1670,16.4,18.2,20.2,22.2,24.4,26.6,29.5,32.6
1680,16.5,18.3,20.3,22.2,24.4,26.6,29.5,32.7
1690,16.5,18.3,20.3,22.3,24.5,26.7,29.6,32.7
1700,16.5,18.3,20.3,22.3,24.5,26.8,29.7,32.8
1710,16.5,18.4,20.4,22.4,24.6,26.8,29.7,32.9
1720,16.6,18.4,20.4,22.4,24.6,26.9,29.8,32.9
1730,16.6,18.4,20.5,22.4,24.7,26.9,29.8,33
1740,16.6,18.5,20.5,22.5,24.7,27,29.9,33.1
1750,16.6,18.5,20.5,22.5,24.8,27,30,33.1
1760,16.6,18.5,20.5,22.6,24.8,27.1,30,33.2
1770,16.7,18.5,20.6,22.6,24.9,27.1,30.1,33.3
1780,16.7,18.6,20.6,22.7,24.9,27.2,30.1,33.3
1790,16.7,18.6,20.7,22.7,25,27.2,30.2,33.4
1800,16.7,18.6,20.7,22.8,25,27.3,30.3,33.5
1810,16.7,18.6,20.7,22.8,25.1,27.3,30.3,33.5
1820,16.8,18.7,20.8,22.8,25.1,27.4,30.4,33.6
1830,16.8,18.7,20.8,22.9,25.2,27.4,30.4,33.6
1840,16.8,18.7,20.8,22.9,25.2,27.5,30.5,33.7
1850,16.8,18.8,20.9,22.9,25.2,27.5,30.5,33.8
1860,16.8,18.8,20.9,23,25.3,27.6,30.6,33.8
1870,16.9,18.8,20.9,23,25.3,27.6,30.6,33.9
1880,16.9,18.8,21,23.1,25.4,27.7,30.7,33.9
1890,16.9,18.9,21,23.1,25.4,27.7,30.8,34
1900,16.9,18.9,21,23.1,25.5,27.8,30.8,34
1910,16.9,18.9,21.1,23.2,25.5,27.9,30.9,34.1
1920,17,18.9,21.1,23.2,25.6,27.9,30.9,34.2
1930,17,19,21.1,23.3,25.6,27.9,31,34.2
1940,17,19,21.2,23.3,25.6,28,31,34.3
1950,17,19,21.2,23.3,25.7,28,31.1,34.3
1960,17,19,21.2,23.4,25.7,28.1,31.1,34.4
1970,17.1,19.1,21.3,23.4,25.8,28.1,31.2,34.5
1980,17.1,19.1,21.3,23.5,25.8,28.2,31.3,34.5
1990,17.1,19.1,21.3,23.5,25.9,28.2,31.3,34.6
2000,17.1,19.1,21.4,23.5,25.9,28.3,31.4,34.6
2010,17.1,19.2,21.4,23.6,26,28.3,31.4,34.7
2020,17.1,19.2,21.4,23.6,26,28.4,31.5,34.7
2030,17.2,19.2,21.4,23.6,26,28.4,31.5,34.8
2040,17.2,19.2,21.5,23.7,26.1,28.5,31.6,34.8
2050,17.2,19.3,21.5,23.7,26.1,28.5,31.6,34.9
2060,17.2,19.3,21.5,23.8,26.2,28.5,31.7,35
2070,17.2,19.3,21.6,23.8,26.2,28.6,31.7,35
2080,17.3,19.3,21.6,23.8,26.3,28.6,31.8,35.1
2090,17.3,19.4,21.6,23.9,26.3,28.7,31.8,35.1
2100,17.3,19.4,21.7,23.9,26.3,28.7,31.9,35.2
2110,17.3,19.4,21.7,23.9,26.4,28.8,31.9,35.2
2120,17.3,19.4,21.7,24,26.4,28.8,32,35.3
2130,17.4,19.5,21.8,24,26.4,28.9,32,35.3
2140,17.4,19.5,21.8,24,26.5,28.9,32.1,35.4
2150,17.4,19.5,21.8,24.1,26.5,29,32.1,35.4
2160,17.4,19.5,21.8,24.1,26.6,29,32.2,35.5
2170,17.4,19.6,21.9,24.2,26.6,29.1,32.2,35.5
2180,17.4,19.6,21.9,24.2,26.7,29.1,32.3,35.6
2190,17.5,19.6,21.9,24.2,26.7,29.1,32.3,35.6
2200,17.5,19.6,22,24.2,26.7,29.2,32.4,35.7
2210,17.5,19.6,22,24.3,26.8,29.2,32.4,35.7
2220,17.5,19.7,22,24.3,26.8,29.2,32.4,35.8
2230,17.5,19.7,22.1,24.4,26.8,29.3,32.5,35.9
2240,17.6,19.7,22.1,24.4,26.9,29.3,32.5,35.9
2250,17.6,19.7,22.1,24.4,26.9,29.4,32.6,35.9
2260,17.6,19.8,22.1,24.4,26.9,29.4,32.6,36
2270,17.6,19.8,22.2,24.5,27,29.5,32.7,36.1
2280,17.6,19.8,22.2,24.5,27,29.5,32.7,36.1
2290,17.6,19.8,22.2,24.6,27.1,29.5,32.8,36.1
2300,17.6,19.9,22.3,24.6,27.1,29.6,32.8,36.2
2310,17.7,19.9,22.3,24.6,27.1,29.6,32.9,36.2
2320,17.7,19.9,22.3,24.7,27.2,29.7,32.9,36.3
2330,17.7,19.9,22.3,24.7,27.2,29.7,32.9,36.3
2340,17.7,19.9,22.4,24.7,27.3,29.7,33,36.4
2350,17.7,20,22.4,24.7,27.3,29.8,33.1,36.4
2360,17.8,20,22.4,24.8,27.3,29.8,33.1,36.5
2370,17.8,20,22.5,24.8,27.4,29.9,33.1,36.5
2380,17.8,20,22.5,24.8,27.4,29.9,33.2,36.6
2390,17.8,20.1,22.5,24.9,27.4,29.9,33.2,36.6
2400,17.8,20.1,22.5,24.9,27.5,30,33.3,36.7
2410,17.8,20.1,22.6,24.9,27.5,30,33.3,36.7
2420,17.8,20.1,22.6,25,27.5,30.1,33.3,36.7
2430,17.8,20.1,22.6,25,27.6,30.1,33.4,36.8
2440,17.9,20.2,22.6,25,27.6,30.1,33.4,36.8
2450,17.9,20.2,22.6,25.1,27.6,30.2,33.5,36.9
2460,17.9,20.2,22.7,25.1,27.7,30.2,33.5,36.9
2470,17.9,20.2,22.7,25.1,27.7,30.3,33.6,37
2480,17.9,20.2,22.7,25.1,27.7,30.3,33.6,37
2490,18,20.3,22.8,25.2,27.8,30.3,33.6,37.1
2500,18,20.3,22.8,25.2,27.8,30.4,33.7,37.1
2510,18,20.3,22.8,25.2,27.9,30.4,33.7,37.1
2520,18,20.3,22.8,25.3,27.9,30.4,33.8,37.2
2530,18,20.3,22.9,25.3,27.9,30.5,33.8,37.2
2540,18,20.4,22.9,25.3,27.9,30.5,33.9,37.3
2550,18,20.4,22.9,25.4,28,30.5,33.9,37.3
2560,18.1,20.4,22.9,25.4,28,30.6,33.9,37.4
2570,18.1,20.4,23,25.4,28.1,30.6,34,37.4
2580,18.1,20.4,23,25.4,28.1,30.6,34,37.5
2590,18.1,20.5,23,25.5,28.1,30.7,34,37.5
2600,18.1,20.5,23,25.5,28.2,30.7,34.1,37.5
2610,18.1,20.5,23.1,25.5,28.2,30.8,34.1,37.6
2620,18.1,20.5,23.1,25.6,28.2,30.8,34.2,37.6
2630,18.2,20.5,23.1,25.6,28.2,30.8,34.2,37.7
2640,18.2,20.5,23.1,25.6,28.3,30.9,34.2,37.7
2650,18.2,20.6,23.2,25.7,28.3,30.9,34.3,37.7
2660,18.2,20.6,23.2,25.7,28.3,30.9,34.3,37.8
2670,18.2,20.6,23.2,25.7,28.4,31,34.4,37.8
2680,18.2,20.6,23.2,25.7,28.4,31,34.4,37.9
2690,18.3,20.7,23.2,25.7,28.4,31,34.4,37.9
2700,18.3,20.7,23.3,25.8,28.4,31.1,34.5,37.9
2710,18.3,20.7,23.3,25.8,28.5,31.1,34.5,38
2720,18.3,20.7,23.3,25.8,28.5,31.1,34.5,38
2730,18.3,20.7,23.3,25.9,28.6,31.2,34.6,38.1
2740,18.3,20.7,23.4,25.9,28.6,31.2,34.6,38.1
2750,18.3,20.8,23.4,25.9,28.6,31.2,34.6,38.1
2760,18.3,20.8,23.4,25.9,28.6,31.3,34.7,38.2
2770,18.4,20.8,23.4,26,28.7,31.3,34.7,38.2
2780,18.4,20.8,23.5,26,28.7,31.3,34.8,38.3
2790,18.4,20.8,23.5,26,28.7,31.4,34.8,38.3
2800,18.4,20.8,23.5,26.1,28.8,31.4,34.8,38.3
2810,18.4,20.9,23.5,26.1,28.8,31.4,34.9,38.4
2820,18.4,20.9,23.5,26.1,28.8,31.4,34.9,38.4
2830,18.4,20.9,23.5,26.1,28.8,31.5,34.9,38.4
2840,18.4,20.9,23.6,26.1,28.9,31.5,35,38.5
2850,18.5,20.9,23.6,26.2,28.9,31.5,35,38.5
2860,18.5,20.9,23.6,26.2,28.9,31.6,35,38.5
2870,18.5,21,23.6,26.2,29,31.6,35.1,38.6
2880,18.5,21,23.7,26.2,29,31.6,35.1,38.6
2890,18.5,21,23.7,26.3,29,31.7,35.1,38.7
2900,18.5,21,23.7,26.3,29,31.7,35.2,38.7
2910,18.5,21,23.7,26.3,29.1,31.7,35.2,38.7
2920,18.6,21,23.7,26.3,29.1,31.7,35.2,38.8
2930,18.6,21.1,23.8,26.4,29.1,31.8,35.3,38.8
2940,18.6,21.1,23.8,26.4,29.2,31.8,35.3,38.8
2950,18.6,21.1,23.8,26.4,29.2,31.8,35.3,38.9
2960,18.6,21.1,23.8,26.4,29.2,31.9,35.4,38.9
2970,18.6,21.1,23.8,26.5,29.2,31.9,35.4,38.9
2980,18.6,21.1,23.9,26.5,29.3,31.9,35.4,39
2990,18.6,21.2,23.9,26.5,29.3,32,35.5,39
3000,18.7,21.2,23.9,26.5,29.3,32,35.5,39
3010,18.7,21.2,23.9,26.6,29.3,32,35.5,39.1
3020,18.7,21.2,23.9,26.6,29.4,32,35.6,39.1
3030,18.7,21.2,24,26.6,29.4,32.1,35.6,39.1
3040,18.7,21.3,24,26.6,29.4,32.1,35.6,39.2
3050,18.7,21.2,24,26.6,29.4,32.1,35.6,39.2
3060,18.7,21.3,24,26.7,29.5,32.2,35.7,39.2
3070,18.7,21.3,24,26.7,29.5,32.2,35.7,39.3
3080,18.7,21.3,24.1,26.7,29.5,32.2,35.8,39.3
3090,18.8,21.3,24.1,26.7,29.5,32.2,35.8,39.3
3100,18.8,21.3,24.1,26.8,29.6,32.3,35.8,39.4
3110,18.8,21.4,24.1,26.8,29.6,32.3,35.8,39.4
3120,18.8,21.4,24.1,26.8,29.6,32.3,35.9,39.4
3130,18.8,21.4,24.2,26.8,29.6,32.4,35.9,39.5
3140,18.8,21.4,24.2,26.8,29.7,32.4,35.9,39.5
3150,18.8,21.4,24.2,26.9,29.7,32.4,36,39.5
3160,18.8,21.4,24.2,26.9,29.7,32.4,36,39.6
3170,18.8,21.4,24.2,26.9,29.7,32.5,36,39.6
3180,18.8,21.5,24.2,26.9,29.8,32.5,36,39.6
3190,18.9,21.5,24.3,26.9,29.8,32.5,36.1,39.7
3200,18.9,21.5,24.3,27,29.8,32.5,36.1,39.7
3210,18.9,21.5,24.3,27,29.8,32.6,36.1,39.7
3220,18.9,21.5,24.3,27,29.9,32.6,36.2,39.7
3230,18.9,21.5,24.3,27,29.9,32.6,36.2,39.8
3240,18.9,21.5,24.3,27,29.9,32.6,36.2,39.8
3250,18.9,21.6,24.4,27.1,29.9,32.7,36.3,39.8
3260,19,21.6,24.4,27.1,30,32.7,36.3,39.9
3270,18.9,21.6,24.4,27.1,30,32.7,36.3,39.9
3280,19,21.6,24.4,27.1,30,32.7,36.3,39.9
3290,19,21.6,24.4,27.2,30,32.8,36.4,40
3300,19,21.6,24.5,27.2,30,32.8,36.4,40
3310,19,21.6,24.5,27.2,30.1,32.8,36.4,40
3320,19,21.7,24.5,27.2,30.1,32.8,36.4,40.1
3330,19,21.7,24.5,27.2,30.1,32.9,36.5,40.1
3340,19,21.7,24.5,27.3,30.1,32.9,36.5,40.1
3350,19,21.7,24.6,27.3,30.2,32.9,36.5,40.1
3360,19.1,21.7,24.6,27.3,30.2,32.9,36.6,40.2
3370,19.1,21.7,24.6,27.3,30.2,33,36.6,40.2
3380,19.1,21.7,24.6,27.3,30.2,33,36.6,40.2
3390,19.1,21.8,24.6,27.4,30.3,33,36.6,40.3
3400,19.1,21.8,24.6,27.4,30.3,33,36.7,40.3
3410,19.1,21.8,24.6,27.4,30.3,33.1,36.7,40.3
3420,19.1,21.8,24.7,27.4,30.3,33.1,36.7,40.3
3430,19.1,21.8,24.7,27.4,30.3,33.1,36.7,40.4
3440,19.1,21.8,24.7,27.5,30.4,33.1,36.8,40.4
3450,19.1,21.8,24.7,27.5,30.4,33.1,36.8,40.4
3460,19.1,21.8,24.7,27.5,30.4,33.2,36.8,40.4
3470,19.2,21.8,24.7,27.5,30.4,33.2,36.8,40.5
3480,19.2,21.9,24.8,27.5,30.5,33.2,36.9,40.5
3490,19.2,21.9,24.8,27.5,30.5,33.2,36.9,40.5
3500,19.2,21.9,24.8,27.6,30.5,33.3,36.9,40.6
3510,19.2,21.9,24.8,27.6,30.5,33.3,36.9,40.6
3520,19.2,21.9,24.8,27.6,30.5,33.3,37,40.6
3530,19.2,21.9,24.8,27.6,30.5,33.3,37,40.6
3540,19.2,21.9,24.8,27.6,30.6,33.4,37,40.6
3550,19.2,22,24.9,27.7,30.6,33.4,37,40.7
3560,19.2,22,24.9,27.7,30.6,33.4,37.1,40.7
3570,19.3,22,24.9,27.7,30.6,33.4,37.1,40.7
3580,19.3,22,24.9,27.7,30.6,33.4,37.1,40.8
3590,19.3,22,24.9,27.7,30.7,33.5,37.1,40.8
3600,19.3,22,24.9,27.7,30.7,33.5,37.2,40.8
3610,19.3,22,25,27.7,30.7,33.5,37.2,40.8
3620,19.3,22,25,27.8,30.7,33.5,37.2,40.9
3630,19.3,22.1,25,27.8,30.7,33.5,37.2,40.9
3640,19.3,22.1,25,27.8,30.8,33.6,37.3,40.9
3650,19.3,22.1,25,27.8,30.8,33.6,37.3,40.9
3660,19.3,22.1,25,27.8,30.8,33.6,37.3,41
3670,19.3,22.1,25,27.9,30.8,33.6,37.3,41
3680,19.3,22.1,25.1,27.9,30.8,33.6,37.3,41
3690,19.4,22.1,25.1,27.9,30.9,33.7,37.4,41
3700,19.4,22.1,25.1,27.9,30.9,33.7,37.4,41.1
3710,19.4,22.1,25.1,27.9,30.9,33.7,37.4,41.1
3720,19.4,22.1,25.1,27.9,30.9,33.7,37.4,41.1
3730,19.4,22.2,25.1,28,30.9,33.8,37.5,41.1
3740,19.4,22.2,25.2,28,30.9,33.8,37.5,41.2
3750,19.4,22.2,25.2,28,31,33.8,37.5,41.2
3760,19.4,22.2,25.2,28,31,33.8,37.5,41.2
3770,19.4,22.2,25.2,28,31,33.8,37.6,41.2
3780,19.4,22.2,25.2,28,31,33.9,37.6,41.2
3790,19.4,22.2,25.2,28.1,31,33.9,37.6,41.3
3800,19.4,22.3,25.2,28.1,31.1,33.9,37.6,41.3
3810,19.5,22.2,25.2,28.1,31.1,33.9,37.6,41.3
3820,19.5,22.3,25.3,28.1,31.1,33.9,37.6,41.3
3830,19.5,22.3,25.3,28.1,31.1,33.9,37.7,41.4
3840,19.5,22.3,25.3,28.1,31.1,34,37.7,41.4
3850,19.5,22.3,25.3,28.1,31.1,34,37.7,41.4
3860,19.5,22.3,25.3,28.2,31.2,34,37.7,41.4
3870,19.5,22.3,25.3,28.2,31.2,34,37.8,41.4
3880,19.5,22.3,25.3,28.2,31.2,34,37.8,41.5
3890,19.5,22.4,25.3,28.2,31.2,34.1,37.8,41.5
3900,19.5,22.3,25.4,28.2,31.2,34.1,37.8,41.5
3910,19.5,22.4,25.4,28.2,31.3,34.1,37.8,41.5
3920,19.6,22.4,25.4,28.2,31.3,34.1,37.9,41.6
3930,19.6,22.4,25.4,28.3,31.3,34.1,37.9,41.6
3940,19.6,22.4,25.4,28.3,31.3,34.1,37.9,41.6
3950,19.6,22.4,25.4,28.3,31.3,34.2,37.9,41.6
3960,19.6,22.4,25.4,28.3,31.3,34.2,37.9,41.6
3970,19.6,22.4,25.4,28.3,31.3,34.2,38,41.7
3980,19.6,22.4,25.4,28.4,31.4,34.2,38,41.7
3990,19.6,22.4,25.5,28.4,31.4,34.2,38,41.7
4000,19.6,22.5,25.5,28.4,31.4,34.3,38,41.7
4010,19.6,22.5,25.5,28.4,31.4,34.3,38,41.7
4020,19.6,22.5,25.5,28.4,31.4,34.3,38.1,41.8
4030,19.6,22.5,25.5,28.4,31.4,34.3,38.1,41.8
4040,19.6,22.5,25.5,28.4,31.5,34.3,38.1,41.8
4050,19.6,22.5,25.5,28.4,31.5,34.3,38.1,41.8
4060,19.7,22.5,25.5,28.4,31.5,34.4,38.1,41.9
4070,19.7,22.5,25.6,28.5,31.5,34.4,38.2,41.9
4080,19.7,22.5,25.6,28.5,31.5,34.4,38.2,41.9
4090,19.7,22.5,25.6,28.5,31.5,34.4,38.2,41.9
4100,19.7,22.5,25.6,28.5,31.5,34.4,38.2,41.9
4110,19.7,22.6,25.6,28.5,31.6,34.4,38.2,42
4120,19.7,22.6,25.6,28.5,31.6,34.5,38.2,42
4130,19.7,22.6,25.6,28.5,31.6,34.5,38.3,42
4140,19.7,22.6,25.6,28.6,31.6,34.5,38.3,42
4150,19.7,22.6,25.6,28.6,31.6,34.5,38.3,42
4160,19.7,22.6,25.7,28.6,31.7,34.5,38.3,42.1
4170,19.7,22.6,25.7,28.6,31.7,34.5,38.3,42.1
4180,19.7,22.6,25.7,28.6,31.7,34.5,38.3,42.1
4190,19.7,22.6,25.7,28.6,31.7,34.6,38.4,42.1
4200,19.8,22.6,25.7,28.7,31.7,34.6,38.4,42.1
4210,19.8,22.7,25.7,28.6,31.7,34.6,38.4,42.1
4220,19.8,22.7,25.7,28.7,31.7,34.6,38.4,42.1
4230,19.8,22.7,25.7,28.7,31.7,34.6,38.4,42.2
4240,19.8,22.7,25.8,28.7,31.8,34.6,38.5,42.2
4250,19.8,22.7,25.8,28.7,31.8,34.6,38.5,42.2
4260,19.8,22.7,25.8,28.7,31.8,34.7,38.5,42.2
4270,19.8,22.7,25.8,28.7,31.8,34.7,38.5,42.3
4280,19.8,22.7,25.8,28.7,31.8,34.7,38.5,42.3
4290,19.8,22.7,25.8,28.7,31.8,34.7,38.5,42.3
4300,19.8,22.7,25.8,28.8,31.8,34.7,38.6,42.3
4310,19.8,22.7,25.8,28.8,31.9,34.7,38.6,42.3
4320,19.8,22.7,25.8,28.8,31.9,34.8,38.6,42.3
4330,19.8,22.8,25.9,28.8,31.9,34.8,38.6,42.4
4340,19.8,22.7,25.8,28.8,31.9,34.8,38.6,42.4
4350,19.8,22.8,25.9,28.8,31.9,34.8,38.6,42.4
4360,19.9,22.8,25.9,28.8,31.9,34.8,38.7,42.4
4370,19.8,22.8,25.9,28.8,31.9,34.8,38.7,42.4
4380,19.9,22.8,25.9,28.9,32,34.9,38.7,42.4
4390,19.9,22.8,25.9,28.9,32,34.9,38.7,42.5
4400,19.9,22.8,25.9,28.9,32,34.9,38.7,42.5
4410,19.9,22.8,25.9,28.9,32,34.9,38.7,42.5
4420,19.9,22.8,25.9,28.9,32,34.9,38.8,42.5
4430,19.9,22.8,25.9,28.9,32,34.9,38.8,42.5
4440,19.9,22.8,26,28.9,32,34.9,38.8,42.5
4450,19.9,22.8,26,28.9,32,34.9,38.8,42.6
4460,19.9,22.8,26,29,32.1,35,38.8,42.6
4470,19.9,22.9,26,29,32.1,35,38.8,42.6
4480,19.9,22.9,26,29,32.1,35,38.9,42.6
4490,19.9,22.9,26,29,32.1,35,38.9,42.6
4500,19.9,22.9,26,29,32.1,35,38.9,42.6
4510,19.9,22.9,26,29,32.1,35,38.9,42.7
4520,19.9,22.9,26,29,32.1,35,38.9,42.7
4530,19.9,22.9,26.1,29,32.1,35.1,38.9,42.7
4540,20,22.9,26,29,32.2,35.1,39,42.7
4550,20,22.9,26.1,29.1,32.2,35.1,39,42.7
4560,20,22.9,26.1,29,32.2,35.1,39,42.7
4570,20,22.9,26.1,29.1,32.2,35.1,39,42.8
4580,20,22.9,26.1,29.1,32.2,35.1,39,42.8
4590,20,22.9,26.1,29.1,32.2,35.1,39,42.8
4600,20,23,26.1,29.1,32.2,35.1,39,42.8
4610,20,23,26.1,29.1,32.3,35.2,39,42.8
4620,20,23,26.1,29.1,32.3,35.2,39.1,42.8
4630,20,23,26.1,29.1,32.3,35.2,39.1,42.8
4640,20,23,26.1,29.2,32.3,35.2,39.1,42.9
4650,20,23,26.1,29.1,32.3,35.2,39.1,42.9
4660,20,23,26.2,29.2,32.3,35.2,39.1,42.9
4670,20,23,26.2,29.2,32.3,35.2,39.1,42.9
4680,20,23,26.2,29.2,32.3,35.2,39.1,42.9
4690,20,23,26.2,29.2,32.3,35.3,39.2,42.9
4700,20,23,26.2,29.2,32.3,35.3,39.2,42.9
4710,20,23,26.2,29.2,32.3,35.3,39.2,43
4720,20,23,26.2,29.2,32.4,35.3,39.2,43
4730,20.1,23,26.2,29.2,32.4,35.3,39.2,43
4740,20.1,23,26.2,29.2,32.4,35.3,39.2,43
4750,20.1,23.1,26.2,29.3,32.4,35.3,39.2,43
4760,20.1,23.1,26.2,29.3,32.4,35.3,39.2,43
4770,20.1,23.1,26.2,29.3,32.4,35.3,39.2,43
4780,20.1,23.1,26.3,29.3,32.4,35.4,39.3,43.1
4790,20.1,23.1,26.3,29.3,32.4,35.4,39.3,43.1
4800,20.1,23.1,26.3,29.3,32.5,35.4,39.3,43.1
4810,20.1,23.1,26.3,29.3,32.5,35.4,39.3,43.1
4820,20.1,23.1,26.3,29.3,32.5,35.4,39.3,43.1
4830,20.1,23.1,26.3,29.3,32.5,35.4,39.3,43.1
4840,20.1,23.1,26.3,29.3,32.5,35.4,39.4,43.1
4850,20.1,23.1,26.3,29.3,32.5,35.4,39.4,43.2
4860,20.1,23.1,26.3,29.4,32.5,35.5,39.4,43.2
4870,20.1,23.1,26.3,29.4,32.5,35.5,39.4,43.2
4880,20.1,23.1,26.3,29.4,32.5,35.5,39.4,43.2
4890,20.1,23.2,26.4,29.4,32.6,35.5,39.4,43.2
4900,20.1,23.2,26.4,29.4,32.6,35.5,39.4,43.2
4910,20.1,23.2,26.4,29.4,32.6,35.5,39.4,43.2
4920,20.1,23.2,26.4,29.4,32.6,35.5,39.5,43.2
4930,20.2,23.2,26.4,29.4,32.6,35.5,39.5,43.3
4940,20.2,23.2,26.4,29.4,32.6,35.5,39.5,43.3
4950,20.2,23.2,26.4,29.4,32.6,35.5,39.5,43.3
4960,20.2,23.2,26.4,29.4,32.6,35.6,39.5,43.3
4970,20.2,23.2,26.4,29.5,32.6,35.6,39.5,43.3
4980,20.2,23.2,26.4,29.5,32.6,35.6,39.5,43.3
4990,20.2,23.2,26.4,29.5,32.6,35.6,39.5,43.3
5000,20.2,23.2,26.4,29.5,32.7,35.6,39.6,43.3
5010,20.2,23.2,26.4,29.5,32.7,35.6,39.6,43.4
5020,20.2,23.2,26.4,29.5,32.7,35.6,39.6,43.4
5030,20.2,23.2,26.4,29.5,32.7,35.6,39.6,43.4
5040,20.2,23.2,26.5,29.5,32.7,35.6,39.6,43.4
5050,20.2,23.2,26.5,29.5,32.7,35.7,39.6,43.4
5060,20.2,23.2,26.5,29.5,32.7,35.7,39.6,43.4
5070,20.2,23.3,26.5,29.5,32.7,35.7,39.6,43.4
5080,20.2,23.3,26.5,29.6,32.7,35.7,39.7,43.5
5090,20.2,23.3,26.5,29.6,32.7,35.7,39.6,43.5
5100,20.2,23.3,26.5,29.6,32.8,35.7,39.7,43.5
5110,20.2,23.3,26.5,29.6,32.8,35.7,39.7,43.5
5120,20.2,23.3,26.5,29.6,32.8,35.7,39.7,43.5
5130,20.2,23.3,26.5,29.6,32.8,35.7,39.7,43.5
5140,20.2,23.3,26.5,29.6,32.8,35.7,39.7,43.5
5150,20.2,23.3,26.5,29.6,32.8,35.7,39.7,43.5
5160,20.2,23.3,26.5,29.6,32.8,35.8,39.7,43.5
5170,20.3,23.3,26.5,29.6,32.8,35.8,39.7,43.6
5180,20.3,23.3,26.6,29.6,32.8,35.8,39.8,43.6
5190,20.3,23.3,26.6,29.6,32.8,35.8,39.8,43.6
5200,20.3,23.3,26.6,29.6,32.9,35.8,39.8,43.6
5210,20.3,23.3,26.6,29.6,32.9,35.8,39.8,43.6
5220,20.3,23.3,26.6,29.7,32.9,35.8,39.8,43.6
5230,20.3,23.3,26.6,29.7,32.9,35.8,39.8,43.6
5240,20.3,23.3,26.6,29.7,32.9,35.8,39.8,43.6
5250,20.3,23.4,26.6,29.7,32.9,35.8,39.8,43.6
5260,20.3,23.4,26.6,29.7,32.9,35.9,39.8,43.6
5270,20.3,23.4,26.6,29.7,32.9,35.9,39.8,43.7
5280,20.3,23.4,26.6,29.7,32.9,35.9,39.9,43.7
5290,20.3,23.4,26.6,29.7,32.9,35.9,39.9,43.7
5300,20.3,23.4,26.6,29.7,32.9,35.9,39.9,43.7
5310,20.3,23.4,26.6,29.7,32.9,35.9,39.9,43.7
5320,20.3,23.4,26.6,29.7,32.9,35.9,39.9,43.7
5330,20.3,23.4,26.7,29.7,33,35.9,39.9,43.7
5340,20.3,23.4,26.7,29.8,33,35.9,39.9,43.7
5350,20.3,23.4,26.7,29.8,33,35.9,39.9,43.8
5360,20.3,23.4,26.7,29.8,33,36,39.9,43.8
5370,20.3,23.4,26.7,29.8,33,36,40,43.8
5380,20.3,23.4,26.7,29.8,33,36,40,43.8
5390,20.3,23.4,26.7,29.8,33,36,40,43.8
5400,20.3,23.4,26.7,29.8,33,36,40,43.8
5410,20.3,23.4,26.7,29.8,33,36,40,43.8
5420,20.4,23.4,26.7,29.8,33,36,40,43.8
5430,20.4,23.4,26.7,29.8,33,36,40,43.8
5440,20.4,23.4,26.7,29.8,33,36,40,43.9
5450,20.4,23.5,26.7,29.8,33.1,36,40,43.9
5460,20.4,23.4,26.7,29.8,33.1,36,40,43.9
5470,20.4,23.5,26.7,29.8,33.1,36,40.1,43.9
5480,20.4,23.5,26.7,29.8,33.1,36.1,40,43.9
5490,20.4,23.5,26.7,29.9,33.1,36.1,40.1,43.9
5500,20.4,23.5,26.8,29.9,33.1,36.1,40.1,43.9
5510,20.4,23.5,26.8,29.9,33.1,36.1,40.1,43.9
5520,20.4,23.5,26.8,29.9,33.1,36.1,40.1,43.9
5530,20.4,23.5,26.8,29.9,33.1,36.1,40.1,43.9
5540,20.4,23.5,26.8,29.9,33.1,36.1,40.1,43.9
5550,20.4,23.5,26.8,29.9,33.1,36.1,40.1,44
5560,20.4,23.5,26.8,29.9,33.1,36.1,40.1,44
5570,20.4,23.5,26.8,29.9,33.1,36.1,40.1,44
5580,20.4,23.5,26.8,29.9,33.2,36.1,40.2,44
5590,20.4,23.5,26.8,29.9,33.2,36.1,40.1,44
5600,20.4,23.5,26.8,29.9,33.2,36.1,40.2,44
5610,20.4,23.5,26.8,29.9,33.2,36.2,40.2,44
5620,20.4,23.5,26.8,29.9,33.2,36.2,40.2,44
5630,20.4,23.5,26.8,29.9,33.2,36.2,40.2,44
5640,20.4,23.5,26.8,29.9,33.2,36.2,40.2,44
5650,20.4,23.5,26.8,30,33.2,36.2,40.2,44
5660,20.4,23.5,26.8,30,33.2,36.2,40.2,44
5670,20.4,23.5,26.8,30,33.2,36.2,40.2,44.1
5680,20.4,23.5,26.8,30,33.2,36.2,40.2,44.1
5690,20.4,23.6,26.9,30,33.2,36.2,40.2,44.1
5700,20.5,23.6,26.9,30,33.2,36.2,40.2,44.1
5710,20.4,23.6,26.9,30,33.2,36.2,40.2,44.1
5720,20.5,23.6,26.9,30,33.3,36.2,40.3,44.1
5730,20.5,23.6,26.9,30,33.3,36.3,40.3,44.1
5740,20.5,23.6,26.9,30,33.3,36.3,40.3,44.1
5750,20.5,23.6,26.9,30,33.3,36.3,40.3,44.1
5760,20.5,23.6,26.9,30,33.3,36.3,40.3,44.1
5770,20.5,23.6,26.9,30,33.3,36.3,40.3,44.1
5780,20.5,23.6,26.9,30,33.3,36.3,40.3,44.2
5790,20.5,23.6,26.9,30,33.3,36.3,40.3,44.2
5800,20.5,23.6,26.9,30.1,33.3,36.3,40.3,44.2
5810,20.5,23.6,26.9,30,33.3,36.3,40.3,44.2
5820,20.5,23.6,26.9,30,33.3,36.3,40.3,44.2
5830,20.5,23.6,26.9,30.1,33.3,36.3,40.4,44.2
5840,20.5,23.6,26.9,30.1,33.3,36.3,40.4,44.2
5850,20.5,23.6,26.9,30.1,33.3,36.3,40.4,44.2
5860,20.5,23.6,26.9,30.1,33.3,36.3,40.4,44.2
5870,20.5,23.6,26.9,30.1,33.3,36.4,40.4,44.2
5880,20.5,23.6,27,30.1,33.4,36.4,40.4,44.2
5890,20.5,23.6,27,30.1,33.4,36.4,40.4,44.2
5900,20.5,23.6,27,30.1,33.4,36.4,40.4,44.3
5910,20.5,23.6,27,30.1,33.4,36.4,40.4,44.3
5920,20.5,23.7,27,30.1,33.4,36.4,40.4,44.3
5930,20.5,23.7,27,30.1,33.4,36.4,40.4,44.3
5940,20.5,23.7,27,30.1,33.4,36.4,40.4,44.3
5950,20.5,23.7,27,30.1,33.4,36.4,40.4,44.3
5960,20.5,23.7,27,30.1,33.4,36.4,40.4,44.3
5970,20.5,23.7,27,30.1,33.4,36.4,40.5,44.3
5980,20.5,23.7,27,30.1,33.4,36.4,40.4,44.3
5990,20.5,23.7,27,30.2,33.4,36.4,40.5,44.3
6000,20.5,23.7,27,30.2,33.4,36.4,40.5,44.3
6010,20.5,23.7,27,30.2,33.4,36.4,40.5,44.3
6020,20.5,23.7,27,30.2,33.4,36.4,40.5,44.3
6030,20.5,23.7,27,30.2,33.5,36.5,40.5,44.4
6040,20.6,23.7,27,30.2,33.5,36.5,40.5,44.4
6050,20.6,23.7,27,30.2,33.5,36.5,40.5,44.4
6060,20.6,23.7,27,30.2,33.5,36.5,40.5,44.4
6070,20.6,23.7,27,30.2,33.5,36.5,40.5,44.4
6080,20.6,23.7,27,30.2,33.5,36.5,40.5,44.4
6090,20.5,23.7,27,30.2,33.5,36.5,40.5,44.4
6100,20.6,23.7,27,30.2,33.5,36.5,40.5,44.4
6110,20.6,23.7,27.1,30.2,33.5,36.5,40.6,44.4
6120,20.6,23.7,27.1,30.2,33.5,36.5,40.5,44.4
6130,20.6,23.7,27.1,30.2,33.5,36.5,40.6,44.4
6140,20.6,23.7,27.1,30.2,33.5,36.5,40.6,44.4
6150,20.6,23.7,27.1,30.2,33.5,36.5,40.6,44.4
6160,20.6,23.7,27.1,30.2,33.5,36.5,40.6,44.4
6170,20.6,23.7,27.1,30.2,33.5,36.5,40.6,44.5
6180,20.6,23.7,27.1,30.2,33.5,36.5,40.6,44.5
6190,20.6,23.7,27.1,30.2,33.5,36.5,40.6,44.5
6200,20.6,23.7,27.1,30.3,33.5,36.6,40.6,44.5
6210,20.6,23.7,27.1,30.3,33.5,36.6,40.6,44.5
6220,20.6,23.7,27.1,30.3,33.5,36.6,40.6,44.5
6230,20.6,23.8,27.1,30.3,33.6,36.6,40.6,44.5
6240,20.6,23.8,27.1,30.3,33.6,36.6,40.6,44.5
6250,20.6,23.8,27.1,30.3,33.6,36.6,40.6,44.5
6260,20.6,23.8,27.1,30.3,33.6,36.6,40.6,44.5
6270,20.6,23.8,27.1,30.3,33.6,36.6,40.6,44.5
6280,20.6,23.8,27.1,30.3,33.6,36.6,40.6,44.5
6290,20.6,23.8,27.1,30.3,33.6,36.6,40.7,44.5
6300,20.6,23.8,27.1,30.3,33.6,36.6,40.7,44.5
6310,20.6,23.8,27.1,30.3,33.6,36.6,40.7,44.5
6320,20.6,23.8,27.1,30.3,33.6,36.6,40.7,44.5
6330,20.6,23.8,27.1,30.3,33.6,36.6,40.7,44.6
6340,20.6,23.8,27.1,30.3,33.6,36.6,40.7,44.6
6350,20.6,23.8,27.1,30.3,33.6,36.6,40.7,44.6
6360,20.6,23.8,27.1,30.3,33.6,36.6,40.7,44.6
6370,20.6,23.8,27.1,30.3,33.6,36.6,40.7,44.6
6380,20.6,23.8,27.2,30.3,33.6,36.6,40.7,44.6
6390,20.6,23.8,27.2,30.3,33.6,36.6,40.7,44.6
6400,20.6,23.8,27.2,30.3,33.6,36.7,40.7,44.6
6410,20.6,23.8,27.2,30.3,33.6,36.7,40.7,44.6
6420,20.6,23.8,27.2,30.3,33.6,36.7,40.7,44.6
6430,20.6,23.8,27.2,30.3,33.6,36.7,40.7,44.6
6440,20.6,23.8,27.2,30.4,33.7,36.7,40.7,44.6
6450,20.7,23.8,27.2,30.4,33.7,36.7,40.8,44.6
6460,20.7,23.8,27.2,30.4,33.7,36.7,40.8,44.6
6470,20.6,23.8,27.2,30.4,33.7,36.7,40.8,44.6
6480,20.7,23.8,27.2,30.4,33.7,36.7,40.8,44.6
6490,20.6,23.8,27.2,30.4,33.7,36.7,40.8,44.7
6500,20.6,23.8,27.2,30.4,33.7,36.7,40.8,44.6
6510,20.7,23.8,27.2,30.4,33.7,36.7,40.8,44.7
6520,20.7,23.8,27.2,30.4,33.7,36.7,40.8,44.7
6530,20.7,23.8,27.2,30.4,33.7,36.7,40.8,44.7
6540,20.7,23.8,27.2,30.4,33.7,36.7,40.8,44.7
6550,20.7,23.9,27.2,30.4,33.7,36.7,40.8,44.7
6560,20.7,23.8,27.2,30.4,33.7,36.7,40.8,44.7
6570,20.7,23.9,27.2,30.4,33.7,36.7,40.8,44.7
6580,20.7,23.9,27.2,30.4,33.7,36.7,40.8,44.7
6590,20.7,23.9,27.2,30.4,33.7,36.8,40.8,44.7
6600,20.7,23.9,27.2,30.4,33.7,36.7,40.8,44.7
6610,20.7,23.9,27.2,30.4,33.7,36.8,40.8,44.7
6620,20.7,23.9,27.2,30.4,33.7,36.8,40.8,44.7
6630,20.7,23.9,27.2,30.4,33.7,36.8,40.8,44.7
6640,20.7,23.9,27.2,30.4,33.7,36.8,40.9,44.7
6650,20.7,23.9,27.2,30.4,33.8,36.8,40.9,44.7
6660,20.7,23.9,27.2,30.4,33.7,36.8,40.9,44.7
6670,20.7,23.9,27.3,30.4,33.8,36.8,40.9,44.8
6680,20.7,23.9,27.3,30.4,33.8,36.8,40.9,44.8
6690,20.7,23.9,27.3,30.5,33.8,36.8,40.9,44.8
6700,20.7,23.9,27.3,30.5,33.8,36.8,40.9,44.8
6710,20.7,23.9,27.3,30.5,33.8,36.8,40.9,44.8
6720,20.7,23.9,27.3,30.5,33.8,36.8,40.9,44.8
6730,20.7,23.9,27.3,30.5,33.8,36.8,40.9,44.8
6740,20.7,23.9,27.3,30.5,33.8,36.8,40.9,44.8
6750,20.7,23.9,27.3,30.5,33.8,36.8,40.9,44.8
6760,20.7,23.9,27.3,30.5,33.8,36.8,40.9,44.8
6770,20.7,23.9,27.3,30.5,33.8,36.8,40.9,44.8
6780,20.7,23.9,27.3,30.5,33.8,36.8,40.9,44.8
6790,20.7,23.9,27.3,30.5,33.8,36.8,40.9,44.8
6800,20.7,23.9,27.3,30.5,33.8,36.9,40.9,44.8
6810,20.7,23.9,27.3,30.5,33.8,36.8,40.9,44.8
6820,20.7,23.9,27.3,30.5,33.8,36.9,40.9,44.8
6830,20.7,23.9,27.3,30.5,33.8,36.8,40.9,44.8
6840,20.7,23.9,27.3,30.5,33.8,36.9,40.9,44.8
6850,20.7,23.9,27.3,30.5,33.8,36.9,41,44.9
6860,20.7,23.9,27.3,30.5,33.8,36.9,41,44.9
6870,20.7,23.9,27.3,30.5,33.8,36.9,41,44.8
6880,20.7,23.9,27.3,30.5,33.8,36.9,41,44.9
6890,20.7,23.9,27.3,30.5,33.8,36.9,41,44.9
6900,20.7,23.9,27.3,30.5,33.8,36.9,41,44.9
6910,20.7,24,27.3,30.5,33.9,36.9,41,44.9
6920,20.7,23.9,27.3,30.5,33.9,36.9,41,44.9
6930,20.7,23.9,27.3,30.5,33.9,36.9,41,44.9
6940,20.7,23.9,27.3,30.5,33.9,36.9,41,44.9
6950,20.7,23.9,27.3,30.5,33.9,36.9,41,44.9
6960,20.7,24,27.3,30.5,33.9,36.9,41,44.9
6970,20.7,23.9,27.3,30.5,33.9,36.9,41,44.9
6980,20.7,23.9,27.3,30.6,33.9,36.9,41,44.9
6990,20.7,24,27.3,30.5,33.9,36.9,41,44.9
7000,20.7,24,27.3,30.6,33.9,36.9,41,44.9
7010,20.8,24,27.4,30.6,33.9,36.9,41,44.9
7020,20.8,24,27.4,30.6,33.9,36.9,41,44.9
7030,20.8,24,27.4,30.6,33.9,36.9,41,44.9
7040,20.8,24,27.4,30.6,33.9,36.9,41,44.9
7050,20.7,24,27.4,30.6,33.9,37,41,44.9
7060,20.8,24,27.4,30.6,33.9,37,41,44.9
7070,20.8,24,27.4,30.6,33.9,36.9,41.1,44.9
7080,20.8,24,27.4,30.6,33.9,37,41.1,45
7090,20.8,24,27.4,30.6,33.9,37,41.1,45
7100,20.8,24,27.4,30.6,33.9,37,41.1,45
7110,20.8,24,27.4,30.6,33.9,37,41.1,45
7120,20.8,24,27.4,30.6,33.9,37,41.1,45
7130,20.8,24,27.4,30.6,33.9,37,41.1,45
7140,20.8,24,27.4,30.6,33.9,37,41.1,45
7150,20.8,24,27.4,30.6,33.9,37,41.1,45
7160,20.8,24,27.4,30.6,33.9,37,41.1,45
7170,20.8,24,27.4,30.6,34,37,41.1,45
7180,20.8,24,27.4,30.6,33.9,37,41.1,45
7190,20.8,24,27.4,30.6,33.9,37,41.1,45
7200,20.8,24,27.4,30.6,34,37,41.1,45
7210,20.8,24,27.4,30.6,34,37,41.1,45
7220,20.8,24,27.4,30.6,34,37,41.1,45
7230,20.8,24,27.4,30.6,34,37,41.1,45
7240,20.8,24,27.4,30.6,34,37,41.1,45
7250,20.8,24,27.4,30.6,34,37,41.1,45
7260,20.8,24,27.4,30.6,34,37,41.1,45
7270,20.8,24,27.4,30.6,34,37,41.1,45
7280,20.8,24,27.4,30.6,34,37,41.1,45
7290,20.8,24,27.4,30.6,34,37,41.1,45
7300,20.8,24,27.4,30.7,34,37,41.1,45.1
7310,20.8,24,27.4,30.6,34,37,41.1,45.1
7320,20.8,24,27.4,30.6,34,37,41.2,45.1
7330,20.8,24,27.4,30.6,34,37,41.2,45.1
7340,20.8,24,27.4,30.7,34,37,41.2,45.1
7350,20.8,24,27.4,30.7,34,37.1,41.2,45.1
7360,20.8,24,27.4,30.7,34,37.1,41.2,45.1
7370,20.8,24,27.4,30.7,34,37.1,41.2,45.1
7380,20.8,24,27.4,30.7,34,37.1,41.2,45.1
7390,20.8,24,27.4,30.7,34,37.1,41.2,45.1
7400,20.8,24,27.4,30.7,34,37.1,41.2,45.1
7410,20.8,24,27.5,30.7,34,37.1,41.2,45.1
7420,20.8,24,27.4,30.7,34,37.1,41.2,45.1
7430,20.8,24,27.5,30.7,34,37.1,41.2,45.1
7440,20.8,24,27.5,30.7,34,37.1,41.2,45.1
7450,20.8,24,27.5,30.7,34,37.1,41.2,45.1
7460,20.8,24,27.5,30.7,34,37.1,41.2,45.1
7470,20.8,24.1,27.5,30.7,34,37.1,41.2,45.1
7480,20.8,24.1,27.5,30.7,34,37.1,41.2,45.1
7490,20.8,24,27.5,30.7,34,37.1,41.2,45.1
7500,20.8,24.1,27.5,30.7,34,37.1,41.2,45.1
7510,20.8,24.1,27.5,30.7,34.1,37.1,41.2,45.1
7520,20.8,24.1,27.5,30.7,34.1,37.1,41.2,45.1
7530,20.8,24.1,27.5,30.7,34,37.1,41.2,45.1
7540,20.8,24.1,27.5,30.7,34.1,37.1,41.2,45.1
7550,20.8,24.1,27.5,30.7,34.1,37.1,41.2,45.2
7560,20.8,24.1,27.5,30.7,34.1,37.1,41.2,45.1
7570,20.8,24.1,27.5,30.7,34.1,37.1,41.3,45.2
7580,20.8,24.1,27.5,30.7,34.1,37.1,41.2,45.2
7590,20.8,24.1,27.5,30.7,34.1,37.1,41.3,45.2
7600,20.8,24.1,27.5,30.7,34.1,37.1,41.3,45.2
7610,20.8,24.1,27.5,30.7,34.1,37.1,41.3,45.2
7620,20.8,24.1,27.5,30.7,34.1,37.1,41.3,45.2
7630,20.8,24.1,27.5,30.7,34.1,37.1,41.3,45.2
7640,20.8,24.1,27.5,30.7,34.1,37.2,41.3,45.2
7650,20.8,24.1,27.5,30.7,34.1,37.1,41.3,45.2
7660,20.8,24.1,27.5,30.7,34.1,37.2,41.3,45.2
7670,20.9,24.1,27.5,30.7,34.1,37.2,41.3,45.2
7680,20.9,24.1,27.5,30.7,34.1,37.2,41.3,45.2
7690,20.9,24.1,27.5,30.8,34.1,37.2,41.3,45.2
7700,20.9,24.1,27.5,30.7,34.1,37.2,41.3,45.2
7710,20.9,24.1,27.5,30.8,34.1,37.2,41.3,45.2
7720,20.9,24.1,27.5,30.8,34.1,37.2,41.3,45.2
7730,20.9,24.1,27.5,30.8,34.1,37.2,41.3,45.2
7740,20.8,24.1,27.5,30.8,34.1,37.2,41.3,45.2
7750,20.9,24.1,27.5,30.8,34.1,37.2,41.3,45.2
7760,20.9,24.1,27.5,30.8,34.1,37.2,41.3,45.2
7770,20.9,24.1,27.5,30.8,34.1,37.2,41.3,45.2
7780,20.9,24.1,27.5,30.8,34.1,37.2,41.3,45.2
7790,20.9,24.1,27.5,30.8,34.1,37.2,41.3,45.2
7800,20.9,24.1,27.5,30.8,34.1,37.2,41.3,45.2
7810,20.9,24.1,27.5,30.8,34.1,37.2,41.3,45.2
7820,20.9,24.1,27.5,30.8,34.1,37.2,41.3,45.2
7830,20.9,24.1,27.6,30.8,34.1,37.2,41.3,45.3
7840,20.9,24.1,27.5,30.8,34.1,37.2,41.3,45.2
7850,20.9,24.1,27.5,30.8,34.1,37.2,41.3,45.2
7860,20.9,24.1,27.6,30.8,34.2,37.2,41.3,45.3
7870,20.9,24.1,27.6,30.8,34.2,37.2,41.3,45.3
7880,20.9,24.1,27.6,30.8,34.2,37.2,41.3,45.3
7890,20.9,24.1,27.6,30.8,34.1,37.2,41.3,45.3
7900,20.9,24.1,27.6,30.8,34.2,37.2,41.4,45.3
7910,20.9,24.1,27.6,30.8,34.2,37.2,41.4,45.3
7920,20.9,24.1,27.6,30.8,34.2,37.2,41.4,45.3
7930,20.9,24.1,27.6,30.8,34.2,37.2,41.4,45.3
7940,20.9,24.1,27.6,30.8,34.2,37.2,41.4,45.3
7950,20.9,24.1,27.6,30.8,34.2,37.2,41.4,45.3
7960,20.9,24.1,27.6,30.8,34.2,37.3,41.4,45.3
7970,20.9,24.1,27.6,30.8,34.2,37.2,41.4,45.3
7980,20.9,24.1,27.6,30.8,34.2,37.2,41.4,45.3
7990,20.9,24.1,27.6,30.8,34.2,37.3,41.4,45.3
8000,20.9,24.1,27.6,30.8,34.2,37.3,41.4,45.3
8010,20.9,24.2,27.6,30.8,34.2,37.3,41.4,45.3
8020,20.9,24.2,27.6,30.8,34.2,37.3,41.4,45.3
8030,20.9,24.1,27.6,30.8,34.2,37.3,41.4,45.3
8040,20.9,24.2,27.6,30.8,34.2,37.3,41.4,45.3
8050,20.9,24.2,27.6,30.8,34.2,37.3,41.4,45.3
8060,20.9,24.2,27.6,30.8,34.2,37.3,41.4,45.3
8070,20.9,24.2,27.6,30.9,34.2,37.3,41.4,45.3
8080,20.9,24.2,27.6,30.8,34.2,37.3,41.4,45.3
8090,20.9,24.2,27.6,30.8,34.2,37.3,41.4,45.3
8100,20.9,24.2,27.6,30.8,34.2,37.3,41.4,45.3
8110,20.9,24.2,27.6,30.8,34.2,37.3,41.4,45.3
8120,20.9,24.2,27.6,30.9,34.2,37.3,41.4,45.3
8130,20.9,24.2,27.6,30.9,34.2,37.3,41.4,45.3
8140,20.9,24.2,27.6,30.9,34.2,37.3,41.4,45.3
8150,20.9,24.2,27.6,30.9,34.2,37.3,41.4,45.3
8160,20.9,24.2,27.6,30.9,34.2,37.3,41.4,45.3
8170,20.9,24.2,27.6,30.9,34.2,37.3,41.4,45.4
8180,20.9,24.2,27.6,30.9,34.2,37.3,41.4,45.4
8190,20.9,24.2,27.6,30.9,34.2,37.3,41.4,45.4
8200,20.9,24.2,27.6,30.9,34.2,37.3,41.4,45.4
8210,20.9,24.2,27.6,30.9,34.2,37.3,41.4,45.4
8220,20.9,24.2,27.6,30.9,34.2,37.3,41.4,45.4
8230,20.9,24.2,27.6,30.9,34.2,37.3,41.4,45.4
8240,20.9,24.2,27.6,30.9,34.2,37.3,41.4,45.4
8250,20.9,24.2,27.6,30.9,34.2,37.3,41.4,45.4
8260,20.9,24.2,27.6,30.9,34.2,37.3,41.5,45.4
8270,20.9,24.2,27.6,30.9,34.2,37.3,41.5,45.4
8280,20.9,24.2,27.6,30.9,34.2,37.3,41.5,45.4
8290,20.9,24.2,27.6,30.9,34.3,37.3,41.5,45.4
8300,20.9,24.2,27.6,30.9,34.3,37.3,41.5,45.4
8310,20.9,24.2,27.6,30.9,34.3,37.3,41.5,45.4
8320,20.9,24.2,27.6,30.9,34.3,37.3,41.5,45.4
8330,20.9,24.2,27.7,30.9,34.3,37.3,41.5,45.4
8340,20.9,24.2,27.6,30.9,34.3,37.3,41.5,45.4
8350,20.9,24.2,27.6,30.9,34.3,37.3,41.5,45.4
8360,20.9,24.2,27.7,30.9,34.3,37.3,41.5,45.4
8370,20.9,24.2,27.7,30.9,34.3,37.3,41.5,45.4
8380,20.9,24.2,27.6,30.9,34.3,37.3,41.5,45.4
8390,20.9,24.2,27.7,30.9,34.3,37.4,41.5,45.4
8400,20.9,24.2,27.7,30.9,34.3,37.4,41.5,45.4
8410,20.9,24.2,27.7,30.9,34.3,37.4,41.5,45.4
8420,20.9,24.2,27.7,30.9,34.3,37.4,41.5,45.4
8430,21,24.2,27.7,30.9,34.3,37.4,41.5,45.4
8440,20.9,24.2,27.7,30.9,34.3,37.4,41.5,45.4
8450,20.9,24.2,27.7,30.9,34.3,37.4,41.5,45.4
8460,21,24.2,27.7,30.9,34.3,37.4,41.5,45.4
8470,21,24.2,27.7,30.9,34.3,37.4,41.5,45.4
8480,20.9,24.2,27.7,30.9,34.3,37.4,41.5,45.4
8490,20.9,24.2,27.7,30.9,34.3,37.4,41.5,45.4
8500,20.9,24.2,27.7,30.9,34.3,37.4,41.5,45.4
8510,21,24.2,27.7,30.9,34.3,37.4,41.5,45.4
8520,21,24.2,27.7,30.9,34.3,37.4,41.5,45.5
8530,20.9,24.2,27.7,30.9,34.3,37.4,41.5,45.4
8540,21,24.2,27.7,30.9,34.3,37.4,41.5,45.5
8550,21,24.2,27.7,30.9,34.3,37.4,41.5,45.5
8560,21,24.2,27.7,30.9,34.3,37.4,41.6,45.5
8570,21,24.2,27.7,30.9,34.3,37.4,41.5,45.5
8580,21,24.2,27.7,30.9,34.3,37.4,41.6,45.5
8590,21,24.2,27.7,30.9,34.3,37.4,41.5,45.5
8600,21,24.2,27.7,31,34.3,37.4,41.5,45.5
8610,21,24.2,27.7,30.9,34.3,37.4,41.6,45.5
8620,21,24.2,27.7,30.9,34.3,37.4,41.6,45.5
8630,21,24.2,27.7,31,34.3,37.4,41.6,45.5
8640,21,24.3,27.7,31,34.3,37.4,41.6,45.5
8650,21,24.2,27.7,31,34.3,37.4,41.6,45.5
8660,21,24.3,27.7,31,34.3,37.4,41.6,45.5
8670,21,24.2,27.7,31,34.3,37.4,41.6,45.5
8680,21,24.3,27.7,31,34.3,37.4,41.6,45.5
8690,21,24.2,27.7,31,34.3,37.4,41.6,45.5
8700,21,24.2,27.7,31,34.3,37.4,41.6,45.5
8710,21,24.3,27.7,31,34.3,37.4,41.6,45.5
8720,21,24.3,27.7,31,34.3,37.4,41.6,45.5
8730,21,24.3,27.7,31,34.4,37.4,41.6,45.5
8740,21,24.2,27.7,31,34.4,37.4,41.6,45.5
8750,21,24.3,27.7,31,34.4,37.5,41.6,45.5
8760,21,24.3,27.7,31,34.4,37.4,41.6,45.5
8770,21,24.3,27.7,31,34.4,37.5,41.6,45.5
8780,21,24.3,27.7,31,34.3,37.4,41.6,45.5
8790,21,24.3,27.7,31,34.4,37.4,41.6,45.5
8800,21,24.3,27.7,31,34.4,37.5,41.6,45.5
8810,21,24.3,27.7,31,34.4,37.5,41.6,45.5
8820,21,24.3,27.7,31,34.4,37.5,41.6,45.5
8830,21,24.3,27.7,31,34.4,37.5,41.6,45.5
8840,21,24.3,27.7,31,34.4,37.5,41.6,45.6
8850,21,24.3,27.7,31,34.4,37.5,41.6,45.6
8860,21,24.3,27.7,31,34.4,37.5,41.6,45.5
8870,21,24.3,27.7,31,34.4,37.5,41.6,45.6
8880,21,24.3,27.7,31,34.4,37.5,41.6,45.6
8890,21,24.3,27.7,31,34.4,37.5,41.6,45.6
8900,21,24.3,27.7,31,34.4,37.5,41.6,45.6
8910,21,24.3,27.7,31,34.4,37.5,41.6,45.6
8920,21,24.3,27.7,31,34.4,37.5,41.6,45.6
8930,21,24.3,27.7,31,34.4,37.5,41.6,45.6
8940,21,24.3,27.8,31,34.4,37.5,41.6,45.6
8950,21,24.3,27.8,31,34.4,37.5,41.6,45.6
8960,21,24.3,27.7,31,34.4,37.5,41.6,45.6
8970,21,24.3,27.8,31,34.4,37.5,41.6,45.6
8980,21,24.3,27.8,31,34.4,37.5,41.6,45.6
8990,21,24.3,27.8,31,34.4,37.5,41.7,45.6
9000,21,24.3,27.8,31,34.4,37.5,41.7,45.6
9010,21,24.3,27.8,31,34.4,37.5,41.7,45.6
9020,21,24.3,27.8,31,34.4,37.5,41.7,45.6
9030,21,24.3,27.8,31,34.4,37.5,41.7,45.6
9040,21,24.3,27.8,31,34.4,37.5,41.7,45.6
9050,21,24.3,27.8,31,34.4,37.5,41.7,45.6
9060,21,24.3,27.8,31,34.4,37.5,41.7,45.6
9070,21,24.3,27.8,31,34.4,37.5,41.7,45.6
9080,21,24.3,27.8,31,34.4,37.5,41.7,45.6
9090,21,24.3,27.8,31,34.4,37.5,41.7,45.6
9100,21,24.3,27.8,31,34.4,37.5,41.7,45.6
9110,21,24.3,27.8,31,34.4,37.5,41.7,45.6
9120,21,24.3,27.8,31,34.4,37.5,41.7,45.6
9130,21,24.3,27.8,31.1,34.4,37.5,41.7,45.6
9140,21,24.3,27.8,31,34.4,37.5,41.7,45.6
9150,21,24.3,27.8,31.1,34.4,37.5,41.7,45.6
9160,21,24.3,27.8,31,34.4,37.5,41.7,45.6
9170,21,24.3,27.8,31.1,34.4,37.5,41.7,45.6
9180,21,24.3,27.8,31.1,34.4,37.5,41.7,45.6
9190,21,24.3,27.8,31.1,34.4,37.5,41.7,45.6
9200,21,24.3,27.8,31.1,34.5,37.5,41.7,45.6
9210,21,24.3,27.8,31.1,34.5,37.5,41.7,45.6
9220,21,24.3,27.8,31.1,34.5,37.5,41.7,45.6
9230,21,24.3,27.8,31.1,34.5,37.5,41.7,45.7
9240,21,24.3,27.8,31.1,34.5,37.5,41.7,45.7
9250,21,24.3,27.8,31.1,34.5,37.6,41.7,45.6
9260,21,24.3,27.8,31.1,34.5,37.6,41.7,45.7
9270,21,24.3,27.8,31.1,34.5,37.6,41.7,45.6
9280,21,24.3,27.8,31.1,34.5,37.6,41.7,45.7
9290,21,24.3,27.8,31.1,34.5,37.6,41.7,45.7
9300,21,24.3,27.8,31.1,34.5,37.6,41.7,45.7
9310,21,24.3,27.8,31.1,34.5,37.6,41.7,45.7
9320,21,24.3,27.8,31.1,34.5,37.6,41.7,45.7
9330,21,24.3,27.8,31.1,34.5,37.6,41.7,45.7
9340,21,24.3,27.8,31.1,34.5,37.6,41.7,45.7
9350,21,24.3,27.8,31.1,34.5,37.6,41.7,45.7
9360,21,24.3,27.8,31.1,34.5,37.6,41.7,45.7
9370,21,24.3,27.8,31.1,34.5,37.6,41.7,45.7
9380,21.1,24.3,27.8,31.1,34.5,37.6,41.7,45.7
9390,21,24.3,27.8,31.1,34.5,37.6,41.7,45.7
9400,21,24.3,27.8,31.1,34.5,37.6,41.8,45.7
9410,21.1,24.3,27.8,31.1,34.5,37.6,41.8,45.7
9420,21,24.3,27.8,31.1,34.5,37.6,41.7,45.7
9430,21,24.3,27.8,31.1,34.5,37.6,41.7,45.7
9440,21,24.3,27.8,31.1,34.5,37.6,41.7,45.7
9450,21.1,24.4,27.8,31.1,34.5,37.6,41.8,45.7
9460,21.1,24.4,27.8,31.1,34.5,37.6,41.8,45.7
9470,21.1,24.4,27.8,31.1,34.5,37.6,41.8,45.7
9480,21.1,24.4,27.8,31.1,34.5,37.6,41.8,45.7
9490,21.1,24.4,27.8,31.1,34.5,37.6,41.8,45.7
9500,21.1,24.4,27.8,31.1,34.5,37.6,41.8,45.7
9510,21.1,24.4,27.8,31.1,34.5,37.6,41.8,45.7
9520,21.1,24.4,27.8,31.1,34.5,37.6,41.8,45.7
9530,21.1,24.4,27.8,31.1,34.5,37.6,41.8,45.7
9540,21.1,24.4,27.8,31.1,34.5,37.6,41.8,45.7
9550,21.1,24.4,27.9,31.1,34.5,37.6,41.8,45.7
9560,21.1,24.4,27.8,31.1,34.5,37.6,41.8,45.7
9570,21,24.4,27.9,31.1,34.5,37.6,41.8,45.7
9580,21.1,24.4,27.8,31.1,34.5,37.6,41.8,45.7
9590,21.1,24.4,27.8,31.1,34.5,37.6,41.8,45.7
9600,21.1,24.4,27.8,31.1,34.5,37.6,41.8,45.7
9610,21.1,24.4,27.8,31.1,34.5,37.6,41.8,45.7
9620,21.1,24.4,27.8,31.1,34.5,37.6,41.8,45.7
9630,21.1,24.4,27.9,31.1,34.5,37.6,41.8,45.7
9640,21.1,24.4,27.9,31.1,34.5,37.6,41.8,45.7
9650,21.1,24.4,27.9,31.1,34.5,37.6,41.8,45.7
9660,21.1,24.4,27.9,31.1,34.5,37.6,41.8,45.7
9670,21.1,24.4,27.9,31.1,34.5,37.6,41.8,45.8
9680,21.1,24.4,27.9,31.1,34.5,37.6,41.8,45.7
9690,21.1,24.4,27.9,31.1,34.5,37.6,41.8,45.7
9700,21.1,24.4,27.9,31.1,34.5,37.6,41.8,45.8
9710,21.1,24.4,27.9,31.1,34.6,37.7,41.8,45.8
9720,21.1,24.4,27.9,31.1,34.5,37.6,41.8,45.7
9730,21.1,24.4,27.9,31.2,34.5,37.6,41.8,45.8
9740,21.1,24.4,27.9,31.2,34.6,37.7,41.8,45.8
9750,21.1,24.4,27.9,31.1,34.5,37.6,41.8,45.8
9760,21.1,24.4,27.9,31.2,34.6,37.6,41.8,45.8
9770,21.1,24.4,27.9,31.2,34.6,37.7,41.8,45.8
9780,21.1,24.4,27.9,31.1,34.6,37.7,41.8,45.8
9790,21.1,24.4,27.9,31.2,34.6,37.7,41.8,45.8
9800,21.1,24.4,27.9,31.2,34.6,37.7,41.8,45.8
9810,21.1,24.4,27.9,31.2,34.6,37.7,41.8,45.8
9820,21.1,24.4,27.9,31.2,34.6,37.7,41.8,45.8
9830,21.1,24.4,27.9,31.2,34.6,37.7,41.8,45.8
9840,21.1,24.4,27.9,31.2,34.6,37.7,41.8,45.8
9850,21.1,24.4,27.9,31.2,34.6,37.7,41.8,45.8
9860,21.1,24.4,27.9,31.2,34.6,37.7,41.9,45.8
9870,21.1,24.4,27.9,31.2,34.6,37.7,41.8,45.8
9880,21.1,24.4,27.9,31.2,34.6,37.7,41.8,45.8
9890,21.1,24.4,27.9,31.2,34.6,37.7,41.9,45.8
9900,21.1,24.4,27.9,31.2,34.6,37.7,41.9,45.8
9910,21.1,24.4,27.9,31.2,34.6,37.7,41.8,45.8
9920,21.1,24.4,27.9,31.2,34.6,37.7,41.9,45.8
9930,21.1,24.4,27.9,31.2,34.6,37.7,41.9,45.8
9940,21.1,24.4,27.9,31.2,34.6,37.7,41.8,45.8
9950,21.1,24.4,27.9,31.2,34.6,37.7,41.9,45.8
9960,21.1,24.4,27.9,31.2,34.6,37.7,41.9,45.8
9970,21.1,24.4,27.9,31.2,34.6,37.7,41.9,45.8
9980,21.1,24.4,27.9,31.2,34.6,37.7,41.9,45.8
9990,21.1,24.4,27.9,31.2,34.6,37.7,41.9,45.8
10000,21.1,24.4,27.9,31.2,34.6,37.7,41.9,45.8
10010,21.1,24.4,27.9,31.2,34.6,37.7,41.9,45.8
10020,21.1,24.4,27.9,31.2,34.6,37.7,41.9,45.8
10030,21.1,24.4,27.9,31.2,34.6,37.7,41.9,45.8
10040,21.1,24.4,27.9,31.2,34.6,37.7,41.9,45.8
10050,21.1,24.4,27.9,31.2,34.6,37.7,41.9,45.8
10060,21.1,24.4,27.9,31.2,34.6,37.7,41.9,45.8
10070,21.1,24.4,27.9,31.2,34.6,37.7,41.9,45.8
10080,21.1,24.4,27.9,31.2,34.6,37.7,41.9,45.8
10090,21.1,24.4,27.9,31.2,34.6,37.7,41.9,45.8
10100,21.1,24.4,27.9,31.2,34.6,37.7,41.9,45.8
10110,21.1,24.4,27.9,31.2,34.6,37.7,41.9,45.8
10120,21.1,24.4,27.9,31.2,34.6,37.7,41.9,45.8
10130,21.1,24.4,27.9,31.2,34.6,37.7,41.9,45.9
10140,21.1,24.4,27.9,31.2,34.6,37.7,41.9,45.8
10150,21.1,24.4,27.9,31.2,34.6,37.7,41.9,45.8
10160,21.1,24.4,27.9,31.2,34.6,37.7,41.9,45.8
10170,21.1,24.4,27.9,31.2,34.6,37.7,41.9,45.9
10180,21.1,24.4,27.9,31.2,34.6,37.7,41.9,45.8
10190,21.1,24.4,27.9,31.2,34.6,37.7,41.9,45.8
10200,21.1,24.4,27.9,31.2,34.6,37.7,41.9,45.8
10210,21.1,24.4,27.9,31.2,34.6,37.7,41.9,45.9
10220,21.1,24.4,27.9,31.2,34.6,37.7,41.9,45.9
10230,21.1,24.4,27.9,31.2,34.6,37.7,41.9,45.9
10240,21.1,24.4,27.9,31.2,34.6,37.7,41.9,45.9
10250,21.1,24.4,27.9,31.2,34.6,37.7,41.9,45.9
10260,21.1,24.4,27.9,31.2,34.6,37.7,41.9,45.9
10270,21.1,24.4,27.9,31.2,34.6,37.8,41.9,45.9
10280,21.1,24.4,27.9,31.2,34.6,37.7,41.9,45.9
10290,21.1,24.4,27.9,31.2,34.6,37.7,41.9,45.9
10300,21.1,24.4,27.9,31.2,34.6,37.7,41.9,45.9
10310,21.1,24.4,27.9,31.2,34.6,37.7,41.9,45.9
10320,21.1,24.5,27.9,31.2,34.6,37.8,41.9,45.9
10330,21.1,24.5,27.9,31.2,34.7,37.8,41.9,45.9
10340,21.1,24.4,27.9,31.2,34.6,37.8,41.9,45.9
10350,21.1,24.5,27.9,31.2,34.6,37.8,41.9,45.9
10360,21.1,24.5,27.9,31.2,34.6,37.8,41.9,45.9
10370,21.1,24.4,27.9,31.2,34.6,37.8,41.9,45.9
10380,21.1,24.4,28,31.2,34.6,37.8,41.9,45.9
10390,21.1,24.5,28,31.2,34.7,37.8,41.9,45.9
10400,21.1,24.4,27.9,31.2,34.7,37.8,41.9,45.9
10410,21.1,24.4,27.9,31.2,34.7,37.8,41.9,45.9
10420,21.1,24.5,28,31.2,34.7,37.8,41.9,45.9
10430,21.1,24.5,27.9,31.3,34.7,37.8,41.9,45.9
10440,21.1,24.5,27.9,31.2,34.6,37.8,41.9,45.9
10450,21.1,24.5,28,31.3,34.7,37.8,41.9,45.9
10460,21.1,24.5,28,31.2,34.7,37.8,41.9,45.9
10470,21.1,24.5,28,31.2,34.7,37.8,41.9,45.9
10480,21.2,24.5,28,31.3,34.7,37.8,42,45.9
10490,21.1,24.5,28,31.2,34.7,37.8,42,45.9
10500,21.1,24.5,28,31.2,34.7,37.8,42,45.9
10510,21.1,24.5,28,31.3,34.7,37.8,42,45.9
10520,21.1,24.5,28,31.3,34.7,37.8,42,45.9
10530,21.1,24.5,28,31.3,34.7,37.8,42,45.9
10540,21.1,24.5,28,31.3,34.7,37.8,42,45.9
10550,21.1,24.5,28,31.3,34.7,37.8,42,45.9
10560,21.1,24.5,28,31.3,34.7,37.8,42,45.9
10570,21.2,24.5,28,31.3,34.7,37.8,42,45.9
10580,21.1,24.5,28,31.3,34.7,37.8,42,45.9
10590,21.1,24.5,28,31.3,34.7,37.8,42,45.9
10600,21.1,24.5,28,31.3,34.7,37.8,42,45.9
10610,21.1,24.5,28,31.3,34.7,37.8,42,45.9
10620,21.2,24.5,28,31.3,34.7,37.8,42,45.9
10630,21.2,24.5,28,31.3,34.7,37.8,42,45.9
10640,21.1,24.5,28,31.3,34.7,37.8,42,45.9
10650,21.2,24.5,28,31.3,34.7,37.8,42,45.9
10660,21.2,24.5,28,31.3,34.7,37.8,42,45.9
10670,21.2,24.5,28,31.3,34.7,37.8,42,45.9
10680,21.2,24.5,28,31.3,34.7,37.8,42,45.9
10690,21.2,24.5,28,31.3,34.7,37.8,42,45.9
10700,21.2,24.5,28,31.3,34.7,37.8,42,45.9
10710,21.2,24.5,28,31.3,34.7,37.8,42,45.9
10720,21.1,24.5,28,31.3,34.7,37.8,42,46
10730,21.2,24.5,28,31.3,34.7,37.8,42,45.9
10740,21.2,24.5,28,31.3,34.7,37.8,42,45.9
10750,21.2,24.5,28,31.3,34.7,37.8,42,45.9
10760,21.2,24.5,28,31.3,34.7,37.8,42,46
10770,21.2,24.5,28,31.3,34.7,37.8,42,46
10780,21.2,24.5,28,31.3,34.7,37.8,42,46
10790,21.2,24.5,28,31.3,34.7,37.8,42,46
10800,21.2,24.5,28,31.3,34.7,37.8,42,46
10810,21.2,24.5,28,31.3,34.7,37.8,42,46
10820,21.2,24.5,28,31.3,34.7,37.8,42,46
10830,21.2,24.5,28,31.3,34.7,37.8,42,46
10840,21.2,24.5,28,31.3,34.7,37.8,42,46
10850,21.2,24.5,28,31.3,34.7,37.8,42,46
10860,21.2,24.5,28,31.3,34.7,37.8,42,46
10870,21.2,24.5,28,31.3,34.7,37.8,42,46
10880,21.2,24.5,28,31.3,34.7,37.8,42,46
10890,21.2,24.5,28,31.3,34.7,37.8,42,46
10900,21.2,24.5,28,31.3,34.7,37.8,42,46
10910,21.2,24.5,28,31.3,34.7,37.8,42,46
10920,21.2,24.5,28,31.3,34.7,37.8,42,46
10930,21.2,24.5,28,31.3,34.7,37.9,42,46
10940,21.2,24.5,28,31.3,34.7,37.8,42,46
10950,21.2,24.5,28,31.3,34.7,37.8,42,46
10960,21.2,24.5,28,31.3,34.7,37.8,42,46
10970,21.2,24.5,28,31.3,34.7,37.9,42,46
10980,21.2,24.5,28,31.3,34.7,37.9,42,46
10990,21.2,24.5,28,31.3,34.7,37.8,42,46
11000,21.2,24.5,28,31.3,34.7,37.8,42,46
11010,21.2,24.5,28,31.3,34.7,37.9,42,46
11020,21.2,24.5,28,31.3,34.7,37.9,42,46
11030,21.2,24.5,28,31.3,34.7,37.9,42,46
11040,21.2,24.5,28,31.3,34.7,37.9,42,46
11050,21.2,24.5,28,31.3,34.7,37.9,42,46
11060,21.2,24.5,28,31.3,34.7,37.9,42,46
11070,21.2,24.5,28,31.3,34.7,37.9,42,46
11080,21.2,24.5,28,31.3,34.7,37.9,42,46
11090,21.2,24.5,28,31.3,34.8,37.9,42,46
11100,21.2,24.5,28,31.3,34.7,37.9,42,46
11110,21.2,24.5,28,31.3,34.7,37.9,42.1,46
11120,21.2,24.5,28,31.3,34.7,37.9,42,46
11130,21.2,24.5,28,31.3,34.7,37.9,42,46
11140,21.2,24.5,28,31.3,34.8,37.9,42.1,46
11150,21.2,24.5,28,31.3,34.8,37.9,42.1,46
11160,21.2,24.5,28,31.3,34.8,37.9,42,46
11170,21.2,24.5,28,31.3,34.8,37.9,42.1,46
11180,21.2,24.5,28,31.3,34.8,37.9,42.1,46
11190,21.2,24.5,28,31.3,34.8,37.9,42.1,46
11200,21.2,24.5,28,31.3,34.7,37.9,42.1,46
11210,21.2,24.5,28,31.3,34.8,37.9,42.1,46
11220,21.2,24.5,28,31.3,34.8,37.9,42.1,46
11230,21.2,24.5,28,31.3,34.8,37.9,42.1,46
11240,21.2,24.5,28,31.3,34.8,37.9,42.1,46
11250,21.2,24.5,28,31.3,34.8,37.9,42.1,46
11260,21.2,24.5,28,31.3,34.8,37.9,42.1,46
11270,21.2,24.5,28,31.3,34.8,37.9,42.1,46
11280,21.2,24.5,28,31.4,34.8,37.9,42.1,46
11290,21.2,24.5,28,31.3,34.8,37.9,42.1,46
11300,21.2,24.5,28,31.4,34.8,37.9,42.1,46
11310,21.2,24.5,28,31.4,34.8,37.9,42.1,46
11320,21.2,24.5,28,31.3,34.8,37.9,42.1,46
11330,21.2,24.5,28,31.3,34.8,37.9,42.1,46
11340,21.2,24.5,28.1,31.4,34.8,37.9,42.1,46
11350,21.2,24.5,28.1,31.4,34.8,37.9,42.1,46
11360,21.2,24.5,28,31.4,34.8,37.9,42.1,46
11370,21.2,24.5,28.1,31.4,34.8,37.9,42.1,46
11380,21.2,24.5,28,31.4,34.8,37.9,42.1,46
11390,21.2,24.5,28.1,31.4,34.8,37.9,42.1,46
11400,21.2,24.5,28.1,31.4,34.8,37.9,42.1,46
11410,21.2,24.5,28.1,31.4,34.8,37.9,42.1,46
11420,21.2,24.5,28,31.4,34.8,37.9,42.1,46
11430,21.2,24.5,28.1,31.4,34.8,37.9,42.1,46
11440,21.2,24.5,28.1,31.4,34.8,37.9,42.1,46.1
11450,21.2,24.5,28.1,31.4,34.8,37.9,42.1,46.1
11460,21.2,24.5,28.1,31.4,34.8,37.9,42.1,46
11470,21.2,24.5,28.1,31.4,34.8,37.9,42.1,46.1
11480,21.2,24.6,28.1,31.4,34.8,37.9,42.1,46.1
11490,21.2,24.5,28.1,31.4,34.8,37.9,42.1,46.1
11500,21.2,24.5,28.1,31.4,34.8,37.9,42.1,46.1
11510,21.2,24.6,28.1,31.4,34.8,37.9,42.1,46.1
11520,21.2,24.5,28.1,31.4,34.8,37.9,42.1,46.1
11530,21.2,24.6,28.1,31.4,34.8,37.9,42.1,46.1
11540,21.2,24.5,28.1,31.4,34.8,37.9,42.1,46.1
11550,21.2,24.6,28.1,31.4,34.8,37.9,42.1,46.1
11560,21.2,24.6,28.1,31.4,34.8,37.9,42.1,46.1
11570,21.2,24.5,28.1,31.4,34.8,37.9,42.1,46.1
11580,21.2,24.6,28.1,31.4,34.8,37.9,42.1,46.1
11590,21.2,24.6,28.1,31.4,34.8,37.9,42.1,46.1
11600,21.2,24.6,28.1,31.4,34.8,37.9,42.1,46.1
11610,21.2,24.5,28.1,31.4,34.8,37.9,42.1,46.1
11620,21.2,24.6,28.1,31.4,34.8,37.9,42.1,46.1
11630,21.2,24.6,28.1,31.4,34.8,37.9,42.1,46.1
11640,21.2,24.6,28.1,31.4,34.8,37.9,42.1,46.1
11650,21.2,24.6,28.1,31.4,34.8,37.9,42.1,46.1
11660,21.2,24.6,28.1,31.4,34.8,37.9,42.1,46.1
11670,21.2,24.6,28.1,31.4,34.8,37.9,42.1,46.1
11680,21.2,24.6,28.1,31.4,34.8,37.9,42.1,46.1
11690,21.2,24.6,28.1,31.4,34.8,37.9,42.1,46.1
11700,21.2,24.6,28.1,31.4,34.8,37.9,42.1,46.1
11710,21.2,24.6,28.1,31.4,34.8,37.9,42.1,46.1
11720,21.2,24.6,28.1,31.4,34.8,38,42.1,46.1
11730,21.2,24.6,28.1,31.4,34.8,37.9,42.1,46.1
11740,21.2,24.6,28.1,31.4,34.8,37.9,42.1,46.1
11750,21.2,24.6,28.1,31.4,34.8,38,42.1,46.1
11760,21.2,24.6,28.1,31.4,34.8,38,42.1,46.1
11770,21.2,24.6,28.1,31.4,34.8,38,42.1,46.1
11780,21.2,24.6,28.1,31.4,34.8,37.9,42.1,46.1
11790,21.2,24.6,28.1,31.4,34.8,38,42.1,46.1
11800,21.2,24.6,28.1,31.4,34.8,38,42.1,46.1
11810,21.2,24.6,28.1,31.4,34.8,37.9,42.1,46.1
11820,21.2,24.6,28.1,31.4,34.8,38,42.1,46.1
11830,21.2,24.6,28.1,31.4,34.8,37.9,42.1,46.1
11840,21.2,24.6,28.1,31.4,34.8,38,42.1,46.1
11850,21.2,24.6,28.1,31.4,34.8,38,42.1,46.1
11860,21.2,24.6,28.1,31.4,34.8,38,42.2,46.1
11870,21.2,24.6,28.1,31.4,34.8,38,42.1,46.1
11880,21.2,24.6,28.1,31.4,34.8,38,42.1,46.1
11890,21.2,24.6,28.1,31.4,34.8,38,42.2,46.1
11900,21.2,24.6,28.1,31.4,34.8,38,42.2,46.1
11910,21.2,24.6,28.1,31.4,34.8,38,42.1,46.1
11920,21.2,24.6,28.1,31.4,34.8,38,42.1,46.1
11930,21.2,24.6,28.1,31.4,34.8,38,42.1,46.1
11940,21.2,24.6,28.1,31.4,34.8,38,42.2,46.1
11950,21.2,24.6,28.1,31.4,34.8,38,42.2,46.1
11960,21.2,24.6,28.1,31.4,34.8,38,42.2,46.1
11970,21.2,24.6,28.1,31.4,34.9,38,42.2,46.1
11980,21.2,24.6,28.1,31.4,34.8,38,42.2,46.1
11990,21.3,24.6,28.1,31.4,34.8,38,42.2,46.1
12000,21.2,24.6,28.1,31.4,34.9,38,42.2,46.1
12010,21.2,24.6,28.1,31.4,34.9,38,42.2,46.1
12020,21.2,24.6,28.1,31.4,34.9,38,42.2,46.1
12030,21.2,24.6,28.1,31.4,34.9,38,42.2,46.1
12040,21.2,24.6,28.1,31.4,34.9,38,42.2,46.1
12050,21.2,24.6,28.1,31.4,34.8,38,42.2,46.1
12060,21.2,24.6,28.1,31.4,34.9,38,42.2,46.1
12070,21.2,24.6,28.1,31.4,34.9,38,42.2,46.1
12080,21.2,24.6,28.1,31.4,34.9,38,42.2,46.1
12090,21.2,24.6,28.1,31.4,34.9,38,42.2,46.1
12100,21.2,24.6,28.1,31.4,34.9,38,42.2,46.1
12110,21.2,24.6,28.1,31.4,34.9,38,42.2,46.1
12120,21.3,24.6,28.1,31.4,34.9,38,42.2,46.1
12130,21.2,24.6,28.1,31.4,34.9,38,42.2,46.1
12140,21.2,24.6,28.1,31.4,34.9,38,42.2,46.1
12150,21.3,24.6,28.1,31.4,34.9,38,42.2,46.1
12160,21.2,24.6,28.1,31.4,34.9,38,42.2,46.1
12170,21.2,24.6,28.1,31.4,34.9,38,42.2,46.1
12180,21.2,24.6,28.1,31.4,34.9,38,42.2,46.2
12190,21.2,24.6,28.1,31.4,34.9,38,42.2,46.1
12200,21.2,24.6,28.1,31.4,34.9,38,42.2,46.1
12210,21.3,24.6,28.1,31.4,34.9,38,42.2,46.2
12220,21.2,24.6,28.1,31.4,34.9,38,42.2,46.2
12230,21.2,24.6,28.1,31.4,34.9,38,42.2,46.1
12240,21.2,24.6,28.1,31.4,34.9,38,42.2,46.2
12250,21.2,24.6,28.1,31.4,34.9,38,42.2,46.2
12260,21.3,24.6,28.1,31.5,34.9,38,42.2,46.2
12270,21.2,24.6,28.1,31.4,34.9,38,42.2,46.2
12280,21.3,24.6,28.1,31.4,34.9,38,42.2,46.2
12290,21.2,24.6,28.1,31.4,34.9,38,42.2,46.2
12300,21.2,24.6,28.1,31.4,34.9,38,42.2,46.2
12310,21.3,24.6,28.1,31.5,34.9,38,42.2,46.2
12320,21.3,24.6,28.1,31.5,34.9,38,42.2,46.2
12330,21.3,24.6,28.1,31.4,34.9,38,42.2,46.2
12340,21.3,24.6,28.1,31.5,34.9,38,42.2,46.2
12350,21.2,24.6,28.1,31.4,34.9,38,42.2,46.2
12360,21.3,24.6,28.1,31.4,34.9,38,42.2,46.2
12370,21.3,24.6,28.1,31.4,34.9,38,42.2,46.2
12380,21.3,24.6,28.1,31.4,34.9,38,42.2,46.2
12390,21.3,24.6,28.1,31.5,34.9,38,42.2,46.2
12400,21.3,24.6,28.1,31.5,34.9,38,42.2,46.2
12410,21.3,24.6,28.1,31.4,34.9,38,42.2,46.2
12420,21.3,24.6,28.1,31.4,34.9,38,42.2,46.2
12430,21.3,24.6,28.1,31.5,34.9,38,42.2,46.2
12440,21.3,24.6,28.1,31.5,34.9,38,42.2,46.2
12450,21.3,24.6,28.1,31.5,34.9,38,42.2,46.2
12460,21.3,24.6,28.1,31.5,34.9,38,42.2,46.2
12470,21.3,24.6,28.1,31.5,34.9,38,42.2,46.2
12480,21.3,24.6,28.1,31.5,34.9,38,42.2,46.2
12490,21.3,24.6,28.1,31.5,34.9,38,42.2,46.2
12500,21.3,24.6,28.1,31.5,34.9,38,42.2,46.2
12510,21.3,24.6,28.1,31.4,34.9,38,42.2,46.2
